## input_port input_power input_mzi_number input_mzi_voltage output_port output_power
1 5.0e-03 13 0.0 8 2.19e-05
1 5.0e-03 13 0.0 9 2.39e-04
1 5.0e-03 13 1.0 8 1.64e-05
1 5.0e-03 13 1.0 9 2.41e-04
1 5.0e-03 13 10.0 8 2.66e-05
1 5.0e-03 13 10.0 9 9.35e-05
1 5.0e-03 13 2.0 8 3.76e-06
1 5.0e-03 13 2.0 9 2.16e-04
1 5.0e-03 13 3.0 8 8.99e-06
1 5.0e-03 13 3.0 9 1.27e-04
1 5.0e-03 13 4.0 8 6.40e-05
1 5.0e-03 13 4.0 9 1.53e-05
1 5.0e-03 13 4.3 8 6.79e-05
1 5.0e-03 13 4.3 9 6.67e-06
1 5.0e-03 13 5.0 8 6.02e-05
1 5.0e-03 13 5.0 9 7.54e-05
1 5.0e-03 13 5.9 8 2.20e-05
1 5.0e-03 13 5.9 9 2.46e-04
1 5.0e-03 13 6.0 8 1.47e-05
1 5.0e-03 13 6.0 9 2.48e-04
1 5.0e-03 13 7.0 8 3.21e-05
1 5.0e-03 13 7.0 9 5.92e-05
1 5.0e-03 13 8.0 8 4.65e-05
1 5.0e-03 13 8.0 9 1.47e-04
1 5.0e-03 13 9.0 8 8.51e-06
1 5.0e-03 13 9.0 9 1.68e-04
1 5.0e-03 17 0.0 8 2.31e-05
1 5.0e-03 17 0.0 9 2.42e-04
1 5.0e-03 17 1.0 8 2.02e-05
1 5.0e-03 17 1.0 9 2.61e-04
1 5.0e-03 17 10.0 8 1.25e-05
1 5.0e-03 17 10.0 9 7.43e-07
1 5.0e-03 17 2.0 8 1.15e-05
1 5.0e-03 17 2.0 9 2.92e-04
1 5.0e-03 17 2.2 8 9.49e-06
1 5.0e-03 17 2.2 9 2.94e-04
1 5.0e-03 17 3.0 8 1.26e-06
1 5.0e-03 17 3.0 9 2.55e-04
1 5.0e-03 17 4.0 8 3.30e-06
1 5.0e-03 17 4.0 9 9.87e-05
1 5.0e-03 17 4.9 8 1.89e-05
1 5.0e-03 17 4.9 9 1.55e-06
1 5.0e-03 17 5.0 8 2.03e-05
1 5.0e-03 17 5.0 9 5.49e-06
1 5.0e-03 17 6.0 8 2.03e-05
1 5.0e-03 17 6.0 9 2.30e-04
1 5.0e-03 17 7.0 8 3.99e-06
1 5.0e-03 17 7.0 9 1.98e-04
1 5.0e-03 17 8.0 8 1.36e-05
1 5.0e-03 17 8.0 9 1.82e-05
1 5.0e-03 17 9.0 8 8.90e-06
1 5.0e-03 17 9.0 9 2.87e-04
1 5.0e-03 29 0.0 8 2.24e-05
1 5.0e-03 29 0.0 9 2.41e-04
1 5.0e-03 29 1.0 8 1.80e-05
1 5.0e-03 29 1.0 9 2.46e-04
1 5.0e-03 29 10.0 8 4.76e-06
1 5.0e-03 29 10.0 9 1.15e-04
1 5.0e-03 29 2.0 8 6.62e-06
1 5.0e-03 29 2.0 9 2.43e-04
1 5.0e-03 29 3.0 8 6.19e-07
1 5.0e-03 29 3.0 9 1.69e-04
1 5.0e-03 29 4.0 8 2.26e-05
1 5.0e-03 29 4.0 9 2.70e-05
1 5.0e-03 29 4.4 8 3.74e-05
1 5.0e-03 29 4.4 9 4.10e-06
1 5.0e-03 29 5.0 8 4.79e-05
1 5.0e-03 29 5.0 9 5.86e-05
1 5.0e-03 29 6.0 8 1.47e-05
1 5.0e-03 29 6.0 9 2.60e-04
1 5.0e-03 29 6.1 8 1.13e-05
1 5.0e-03 29 6.1 9 2.50e-04
1 5.0e-03 29 7.0 8 1.21e-05
1 5.0e-03 29 7.0 9 7.16e-05
1 5.0e-03 29 8.0 8 2.54e-05
1 5.0e-03 29 8.0 9 1.25e-04
1 5.0e-03 29 9.0 8 2.20e-05
1 5.0e-03 29 9.0 9 1.23e-04
1 5.0e-03 33 0.0 8 2.35e-05
1 5.0e-03 33 0.0 9 2.42e-04
1 5.0e-03 33 1.0 8 2.55e-05
1 5.0e-03 33 1.0 9 2.75e-04
1 5.0e-03 33 10.0 8 9.84e-06
1 5.0e-03 33 10.0 9 1.66e-05
1 5.0e-03 33 2.0 8 1.72e-05
1 5.0e-03 33 2.0 9 3.27e-04
1 5.0e-03 33 3.0 8 5.05e-06
1 5.0e-03 33 3.0 9 3.46e-04
1 5.0e-03 33 4.0 8 6.79e-06
1 5.0e-03 33 4.0 9 1.79e-04
1 5.0e-03 33 5.0 8 2.51e-05
1 5.0e-03 33 5.0 9 2.72e-06
1 5.0e-03 33 5.1 8 2.65e-05
1 5.0e-03 33 5.1 9 2.45e-06
1 5.0e-03 33 6.0 8 2.10e-05
1 5.0e-03 33 6.0 9 2.10e-04
1 5.0e-03 33 6.7 8 8.65e-06
1 5.0e-03 33 6.7 9 3.39e-04
1 5.0e-03 33 7.0 8 7.75e-06
1 5.0e-03 33 7.0 9 2.92e-04
1 5.0e-03 33 8.0 8 1.29e-05
1 5.0e-03 33 8.0 9 3.40e-06
1 5.0e-03 33 9.0 8 9.98e-06
1 5.0e-03 33 9.0 9 3.32e-04
1 5.0e-03 37 0.0 8 2.23e-05
1 5.0e-03 37 0.0 9 2.41e-04
1 5.0e-03 37 1.0 8 1.91e-05
1 5.0e-03 37 1.0 9 2.56e-04
1 5.0e-03 37 10.0 8 9.19e-06
1 5.0e-03 37 10.0 9 5.25e-05
1 5.0e-03 37 2.0 8 9.52e-06
1 5.0e-03 37 2.0 9 2.78e-04
1 5.0e-03 37 2.1 8 8.71e-06
1 5.0e-03 37 2.1 9 2.80e-04
1 5.0e-03 37 3.0 8 4.04e-07
1 5.0e-03 37 3.0 9 2.26e-04
1 5.0e-03 37 4.0 8 2.65e-05
1 5.0e-03 37 4.0 8 9.16e-06
1 5.0e-03 37 4.0 9 7.23e-05
1 5.0e-03 37 4.7 9 1.98e-06
1 5.0e-03 37 5.0 8 3.16e-05
1 5.0e-03 37 5.0 9 1.93e-05
1 5.0e-03 37 6.0 8 1.84e-05
1 5.0e-03 37 6.0 9 2.65e-04
1 5.0e-03 37 7.0 8 3.00e-06
1 5.0e-03 37 7.0 9 1.30e-04
1 5.0e-03 37 8.0 8 2.55e-05
1 5.0e-03 37 8.0 9 7.22e-05
1 5.0e-03 37 9.0 8 2.74e-06
1 5.0e-03 37 9.0 9 2.06e-04
1 5.0e-03 41 0.0 8 2.24e-05
1 5.0e-03 41 0.0 9 2.40e-04
1 5.0e-03 41 1.0 8 1.82e-05
1 5.0e-03 41 1.0 9 2.37e-04
1 5.0e-03 41 10.0 8 1.20e-05
1 5.0e-03 41 10.0 9 1.61e-05
1 5.0e-03 41 2.0 8 7.36e-06
1 5.0e-03 41 2.0 9 2.09e-04
1 5.0e-03 41 3.0 8 7.91e-07
1 5.0e-03 41 3.0 9 1.24e-04
1 5.0e-03 41 4.0 8 1.93e-05
1 5.0e-03 41 4.0 9 1.36e-05
1 5.0e-03 41 4.3 8 3.22e-05
1 5.0e-03 41 4.3 9 1.84e-06
1 5.0e-03 41 5.0 8 5.10e-05
1 5.0e-03 41 5.0 9 6.91e-05
1 5.0e-03 41 6.0 8 2.82e-05
1 5.0e-03 41 6.0 9 2.50e-04
1 5.0e-03 41 6.2 8 1.86e-05
1 5.0e-03 41 6.2 9 2.58e-04
1 5.0e-03 41 7.0 8 3.50e-06
1 5.0e-03 41 7.0 9 1.04e-04
1 5.0e-03 41 8.0 8 3.79e-05
1 5.0e-03 41 8.0 9 5.89e-05
1 5.0e-03 41 9.0 8 5.03e-06
1 5.0e-03 41 9.0 9 2.10e-04
1 5.0e-03 45 0.0 8 2.29e-05
1 5.0e-03 45 0.0 9 2.39e-04
1 5.0e-03 45 1.0 8 1.69e-05
1 5.0e-03 45 1.0 9 2.45e-04
1 5.0e-03 45 1.4 8 1.57e-05
1 5.0e-03 45 1.4 9 2.47e-04
1 5.0e-03 45 10.0 8 1.52e-04
1 5.0e-03 45 10.0 9 1.02e-04
1 5.0e-03 45 2.0 8 2.44e-05
1 5.0e-03 45 2.0 9 2.36e-04
1 5.0e-03 45 3.0 8 1.03e-04
1 5.0e-03 45 3.0 9 1.63e-04
1 5.0e-03 45 4.0 8 2.43e-04
1 5.0e-03 45 4.0 9 3.88e-05
1 5.0e-03 45 4.4 8 2.71e-04
1 5.0e-03 45 4.4 9 1.73e-05
1 5.0e-03 45 5.0 8 2.11e-04
1 5.0e-03 45 5.0 9 7.23e-05
1 5.0e-03 45 6.0 8 1.96e-05
1 5.0e-03 45 6.0 9 2.54e-04
1 5.0e-03 45 6.1 8 1.45e-05
1 5.0e-03 45 6.1 9 2.47e-04
1 5.0e-03 45 7.0 8 2.04e-04
1 5.0e-03 45 7.0 9 7.75e-05
1 5.0e-03 45 8.0 8 1.43e-04
1 5.0e-03 45 8.0 9 1.23e-04
1 5.0e-03 45 9.0 8 9.87e-05
1 5.0e-03 45 9.0 9 1.57e-04
1 5.0e-03 4 0.0 8 2.25e-05
1 5.0e-03 4 0.0 9 2.41e-04
1 5.0e-03 4 1.0 8 2.45e-05
1 5.0e-03 4 1.0 9 2.44e-04
1 5.0e-03 4 1.2 8 2.71e-05
1 5.0e-03 4 1.2 9 2.44e-04
1 5.0e-03 4 10.0 8 2.42e-04
1 5.0e-03 4 10.0 9 9.44e-05
1 5.0e-03 4 2.0 8 6.57e-05
1 5.0e-03 4 2.0 9 2.30e-04
1 5.0e-03 4 3.0 8 2.11e-04
1 5.0e-03 4 3.0 9 1.48e-04
1 5.0e-03 4 4.0 8 3.87e-04
1 5.0e-03 4 4.0 9 2.51e-05
1 5.0e-03 4 4.3 8 3.91e-04
1 5.0e-03 4 4.3 9 1.04e-05
1 5.0e-03 4 5.0 8 2.64e-04
1 5.0e-03 4 5.0 9 7.89e-05
1 5.0e-03 4 6.0 8 2.64e-05
1 5.0e-03 4 6.0 9 2.42e-04
1 5.0e-03 4 7.0 8 3.19e-04
1 5.0e-03 4 7.0 9 5.51e-05
1 5.0e-03 4 8.0 8 1.99e-04
1 5.0e-03 4 8.0 9 1.33e-04
1 5.0e-03 4 9.0 8 1.71e-04
1 5.0e-03 4 9.0 9 1.51e-04
