## input_port input_power input_mzi_number input_mzi_voltage output_port output_power
5 5.0e-03 10 0.0 4 2.60e-06
5 5.0e-03 10 0.0 5 3.98e-04
5 5.0e-03 10 1.0 4 1.59e-06
5 5.0e-03 10 1.0 5 3.98e-04
5 5.0e-03 10 10.0 4 4.36e-06
5 5.0e-03 10 10.0 5 3.89e-04
5 5.0e-03 10 2.0 4 6.35e-06
5 5.0e-03 10 2.0 5 3.81e-04
5 5.0e-03 10 3.0 4 3.62e-05
5 5.0e-03 10 3.0 5 2.87e-04
5 5.0e-03 10 4.0 4 7.59e-05
5 5.0e-03 10 4.0 5 1.61e-04
5 5.0e-03 10 4.1 4 7.70e-05
5 5.0e-03 10 4.1 5 1.62e-04
5 5.0e-03 10 5.0 4 3.94e-05
5 5.0e-03 10 5.0 5 2.85e-04
5 5.0e-03 10 5.8 4 8.43e-07
5 5.0e-03 10 5.8 5 4.50e-04
5 5.0e-03 10 6.0 4 7.13e-06
5 5.0e-03 10 6.0 5 4.37e-04
5 5.0e-03 10 7.0 4 9.56e-05
5 5.0e-03 10 7.0 5 1.80e-04
5 5.0e-03 10 8.0 4 3.68e-06
5 5.0e-03 10 8.0 5 4.12e-04
5 5.0e-03 10 9.0 4 1.19e-04
5 5.0e-03 10 9.0 5 2.28e-04
5 5.0e-03 12 0.0 4 3.84e-06
5 5.0e-03 12 0.0 5 3.97e-04
5 5.0e-03 12 1.0 4 7.24e-06
5 5.0e-03 12 1.0 5 3.92e-04
5 5.0e-03 12 10.0 4 2.82e-05
5 5.0e-03 12 10.0 5 3.45e-04
5 5.0e-03 12 2.0 4 2.74e-05
5 5.0e-03 12 2.0 5 3.44e-04
5 5.0e-03 12 3.0 4 7.92e-05
5 5.0e-03 12 3.0 5 1.89e-04
5 5.0e-03 12 4.0 4 1.13e-04
5 5.0e-03 12 4.0 5 4.14e-05
5 5.0e-03 12 5.0 4 3.16e-05
5 5.0e-03 12 5.0 5 2.44e-04
5 5.0e-03 12 6.0 4 3.59e-05
5 5.0e-03 12 6.0 5 3.85e-04
5 5.0e-03 12 7.0 4 1.31e-04
5 5.0e-03 12 7.0 5 4.45e-05
5 5.0e-03 12 7.1 4 1.20e-04
5 5.0e-03 12 7.1 5 4.23e-05
5 5.0e-03 12 8.0 4 1.21e-05
5 5.0e-03 12 8.0 5 3.72e-04
5 5.0e-03 12 9.0 4 1.59e-04
5 5.0e-03 12 9.0 5 8.43e-05
5 5.0e-03 17 0.0 4 2.52e-06
5 5.0e-03 17 0.0 5 3.77e-04
5 5.0e-03 17 1.0 4 4.99e-06
5 5.0e-03 17 1.0 5 3.93e-04
5 5.0e-03 17 1.5 4 1.14e-05
5 5.0e-03 17 1.5 5 4.00e-04
5 5.0e-03 17 10.0 4 8.67e-05
5 5.0e-03 17 10.0 5 5.99e-05
5 5.0e-03 17 2.0 4 2.65e-05
5 5.0e-03 17 2.0 5 4.00e-04
5 5.0e-03 17 3.0 4 9.24e-05
5 5.0e-03 17 3.0 5 3.00e-04
5 5.0e-03 17 4.0 4 1.60e-04
5 5.0e-03 17 4.0 5 7.61e-05
5 5.0e-03 17 4.5 4 1.45e-04
5 5.0e-03 17 4.5 5 2.04e-05
5 5.0e-03 17 5.0 4 8.44e-05
5 5.0e-03 17 5.0 5 7.52e-05
5 5.0e-03 17 6.0 4 1.60e-05
5 5.0e-03 17 6.0 5 3.73e-04
5 5.0e-03 17 6.2 4 4.01e-05
5 5.0e-03 17 6.2 5 3.91e-04
5 5.0e-03 17 7.0 4 1.82e-04
5 5.0e-03 17 7.0 5 1.56e-04
5 5.0e-03 17 8.0 4 5.28e-05
5 5.0e-03 17 8.0 5 1.28e-04
5 5.0e-03 17 9.0 4 1.58e-04
5 5.0e-03 17 9.0 5 2.84e-04
5 5.0e-03 22 0.0 4 2.49e-06
5 5.0e-03 22 0.0 5 3.71e-04
5 5.0e-03 22 1.0 4 5.47e-06
5 5.0e-03 22 1.0 5 3.72e-04
5 5.0e-03 22 10.0 4 3.05e-05
5 5.0e-03 22 10.0 5 2.80e-04
5 5.0e-03 22 2.0 4 2.82e-05
5 5.0e-03 22 2.0 5 3.28e-04
5 5.0e-03 22 3.0 4 8.71e-05
5 5.0e-03 22 3.0 5 1.75e-04
5 5.0e-03 22 4.0 4 1.18e-04
5 5.0e-03 22 4.0 5 4.07e-05
5 5.0e-03 22 4.1 4 1.16e-04
5 5.0e-03 22 4.1 5 3.99e-05
5 5.0e-03 22 5.0 4 4.30e-05
5 5.0e-03 22 5.0 5 2.08e-04
5 5.0e-03 22 6.0 4 4.37e-05
5 5.0e-03 22 6.0 5 3.68e-04
5 5.0e-03 22 7.0 4 1.50e-04
5 5.0e-03 22 7.0 5 4.58e-05
5 5.0e-03 22 7.2 4 1.32e-04
5 5.0e-03 22 7.2 5 3.24e-05
5 5.0e-03 22 8.0 4 1.24e-05
5 5.0e-03 22 8.0 5 3.26e-04
5 5.0e-03 22 9.0 4 1.87e-04
5 5.0e-03 22 9.0 5 8.71e-05
5 5.0e-03 2 0.0 4 3.86e-06
5 5.0e-03 2 0.0 5 4.09e-04
5 5.0e-03 2 0.9 4 2.07e-06
5 5.0e-03 2 0.9 5 4.09e-04
5 5.0e-03 2 1.0 4 2.28e-06
5 5.0e-03 2 1.0 5 4.08e-04
5 5.0e-03 2 10.0 4 3.80e-04
5 5.0e-03 2 10.0 5 4.13e-05
5 5.0e-03 2 2.0 4 3.53e-05
5 5.0e-03 2 2.0 5 3.76e-04
5 5.0e-03 2 3.0 4 1.85e-04
5 5.0e-03 2 3.0 5 2.48e-04
5 5.0e-03 2 4.0 4 4.07e-04
5 5.0e-03 2 4.0 5 3.63e-05
5 5.0e-03 2 4.4 4 4.29e-04
5 5.0e-03 2 4.4 5 6.63e-06
5 5.0e-03 2 5.0 4 3.29e-04
5 5.0e-03 2 5.0 5 1.01e-04
5 5.0e-03 2 6.0 4 1.61e-05
5 5.0e-03 2 6.0 5 4.33e-04
5 5.0e-03 2 6.2 4 2.99e-06
5 5.0e-03 2 6.2 5 4.62e-04
5 5.0e-03 2 7.0 4 2.41e-04
5 5.0e-03 2 7.0 5 1.71e-04
5 5.0e-03 2 8.0 4 2.87e-04
5 5.0e-03 2 8.0 5 1.33e-04
5 5.0e-03 2 9.0 4 4.19e-05
5 5.0e-03 2 9.0 5 3.81e-04
5 5.0e-03 31 0.0 4 2.84e-06
5 5.0e-03 31 0.0 5 3.69e-04
5 5.0e-03 31 1.0 4 5.47e-06
5 5.0e-03 31 1.0 5 3.66e-04
5 5.0e-03 31 10.0 4 2.44e-05
5 5.0e-03 31 10.0 5 3.04e-04
5 5.0e-03 31 2.0 4 2.52e-05
5 5.0e-03 31 2.0 5 3.26e-04
5 5.0e-03 31 3.0 4 8.20e-05
5 5.0e-03 31 3.0 5 1.80e-04
5 5.0e-03 31 4.0 4 1.19e-04
5 5.0e-03 31 4.0 5 3.11e-05
5 5.0e-03 31 4.1 4 1.16e-04
5 5.0e-03 31 4.1 5 3.12e-05
5 5.0e-03 31 5.0 4 3.67e-05
5 5.0e-03 31 5.0 5 2.00e-04
5 5.0e-03 31 5.8 4 1.43e-05
5 5.0e-03 31 5.8 5 3.99e-04
5 5.0e-03 31 6.0 4 3.71e-05
5 5.0e-03 31 6.0 5 3.67e-04
5 5.0e-03 31 7.0 4 1.49e-04
5 5.0e-03 31 7.0 5 3.57e-05
5 5.0e-03 31 8.0 4 1.07e-05
5 5.0e-03 31 8.0 5 3.34e-04
5 5.0e-03 31 9.0 4 1.85e-04
5 5.0e-03 31 9.0 5 8.31e-05
5 5.0e-03 35 0.0 4 2.49e-06
5 5.0e-03 35 0.0 5 3.73e-04
5 5.0e-03 35 1.0 4 4.99e-06
5 5.0e-03 35 1.0 5 3.75e-04
5 5.0e-03 35 10.0 4 8.49e-05
5 5.0e-03 35 10.0 5 1.08e-04
5 5.0e-03 35 2.0 4 2.15e-05
5 5.0e-03 35 2.0 5 3.56e-04
5 5.0e-03 35 3.0 4 6.45e-05
5 5.0e-03 35 3.0 5 2.42e-04
5 5.0e-03 35 4.0 4 9.96e-05
5 5.0e-03 35 4.0 5 6.38e-05
5 5.0e-03 35 4.5 4 8.53e-05
5 5.0e-03 35 4.5 5 3.79e-05
5 5.0e-03 35 5.0 4 4.38e-05
5 5.0e-03 35 5.0 5 1.21e-04
5 5.0e-03 35 6.0 4 1.75e-05
5 5.0e-03 35 6.0 5 3.84e-04
5 5.0e-03 35 6.1 4 2.62e-05
5 5.0e-03 35 6.1 5 3.91e-04
5 5.0e-03 35 7.0 4 1.32e-04
5 5.0e-03 35 7.0 5 1.35e-04
5 5.0e-03 35 8.0 4 3.81e-05
5 5.0e-03 35 8.0 5 1.76e-04
5 5.0e-03 35 9.0 4 1.46e-04
5 5.0e-03 35 9.0 5 2.63e-04
5 5.0e-03 39 0.0 4 2.41e-06
5 5.0e-03 39 0.0 5 3.74e-04
5 5.0e-03 39 1.0 4 5.04e-06
5 5.0e-03 39 1.0 5 3.64e-04
5 5.0e-03 39 10.0 4 1.81e-05
5 5.0e-03 39 10.0 5 2.70e-04
5 5.0e-03 39 2.0 4 2.16e-05
5 5.0e-03 39 2.0 5 3.13e-04
5 5.0e-03 39 3.0 4 6.20e-05
5 5.0e-03 39 3.0 5 1.76e-04
5 5.0e-03 39 4.0 4 8.82e-05
5 5.0e-03 39 4.0 5 5.51e-05
5 5.0e-03 39 4.1 4 8.87e-05
5 5.0e-03 39 4.1 5 5.51e-05
5 5.0e-03 39 5.0 4 3.27e-05
5 5.0e-03 39 5.0 5 2.11e-04
5 5.0e-03 39 5.8 4 9.42e-06
5 5.0e-03 39 5.8 5 4.03e-04
5 5.0e-03 39 6.0 4 2.58e-05
5 5.0e-03 39 6.0 5 3.84e-04
5 5.0e-03 39 7.0 4 1.16e-04
5 5.0e-03 39 7.0 5 7.59e-05
5 5.0e-03 39 7.2 4 1.09e-04
5 5.0e-03 39 7.2 5 5.26e-05
5 5.0e-03 39 8.0 4 1.02e-05
5 5.0e-03 39 8.0 5 3.23e-04
5 5.0e-03 39 9.0 4 1.42e-04
5 5.0e-03 39 9.0 5 1.51e-04
5 5.0e-03 43 0.0 4 2.53e-06
5 5.0e-03 43 0.0 5 3.94e-04
5 5.0e-03 43 1.0 4 6.05e-06
5 5.0e-03 43 1.0 5 3.75e-04
5 5.0e-03 43 10.0 4 8.60e-05
5 5.0e-03 43 10.0 5 2.78e-05
5 5.0e-03 43 2.0 4 2.46e-05
5 5.0e-03 43 2.0 5 3.08e-04
5 5.0e-03 43 3.0 4 7.03e-05
5 5.0e-03 43 3.0 5 1.72e-04
5 5.0e-03 43 4.0 5 5.18e-05
5 5.0e-03 43 4.0 4 1.16e-04
5 5.0e-03 43 4.0 5 5.31e-05
5 5.0e-03 43 4.2 4 1.18e-04
5 5.0e-03 43 5.0 4 7.77e-05
5 5.0e-03 43 5.0 5 1.77e-04
5 5.0e-03 43 6.0 4 1.18e-07
5 5.0e-03 43 6.0 5 4.39e-04
5 5.0e-03 43 6.1 4 5.96e-07
5 5.0e-03 43 6.1 5 4.51e-04
5 5.0e-03 43 7.0 4 8.27e-05
5 5.0e-03 43 7.0 5 2.15e-04
5 5.0e-03 43 8.0 4 6.55e-05
5 5.0e-03 43 8.0 5 1.08e-04
5 5.0e-03 43 8.9 4 1.06e-05
5 5.0e-03 43 8.9 5 4.52e-04
5 5.0e-03 43 9.0 4 2.16e-05
5 5.0e-03 43 9.0 5 4.45e-04
5 5.0e-03 47 0.0 4 2.39e-06
5 5.0e-03 47 0.0 5 3.94e-04
5 5.0e-03 47 1.0 4 9.61e-06
5 5.0e-03 47 1.0 5 3.82e-04
5 5.0e-03 47 10.0 4 4.26e-04
5 5.0e-03 47 10.0 5 2.53e-05
5 5.0e-03 47 2.0 4 6.33e-05
5 5.0e-03 47 2.0 5 3.31e-04
5 5.0e-03 47 3.0 4 2.27e-04
5 5.0e-03 47 3.0 5 1.88e-04
5 5.0e-03 47 4.0 4 4.39e-04
5 5.0e-03 47 4.0 5 1.45e-05
5 5.0e-03 47 4.3 4 4.72e-04
5 5.0e-03 47 4.3 5 4.20e-07
5 5.0e-03 47 5.0 4 3.38e-04
5 5.0e-03 47 5.0 5 1.14e-04
5 5.0e-03 47 6.0 4 9.01e-06
5 5.0e-03 47 6.0 5 4.17e-04
5 5.0e-03 47 6.1 4 2.78e-06
5 5.0e-03 47 6.1 5 4.36e-04
5 5.0e-03 47 7.0 4 3.17e-04
5 5.0e-03 47 7.0 5 1.58e-04
5 5.0e-03 47 8.0 4 3.39e-04
5 5.0e-03 47 8.0 5 1.25e-04
5 5.0e-03 47 9.0 4 5.78e-05
5 5.0e-03 47 9.0 5 3.92e-04
5 5.0e-03 6 0.0 4 2.47e-06
5 5.0e-03 6 0.0 5 3.85e-04
5 5.0e-03 6 1.0 4 1.22e-06
5 5.0e-03 6 1.0 5 3.85e-04
5 5.0e-03 6 10.0 4 8.17e-05
5 5.0e-03 6 10.0 5 1.87e-04
5 5.0e-03 6 2.0 4 6.18e-06
5 5.0e-03 6 2.0 5 3.75e-04
5 5.0e-03 6 3.0 4 3.83e-05
5 5.0e-03 6 3.0 5 3.08e-04
5 5.0e-03 6 4.0 4 8.57e-05
5 5.0e-03 6 4.0 5 1.94e-04
5 5.0e-03 6 4.5 4 8.53e-05
5 5.0e-03 6 4.5 5 1.80e-04
5 5.0e-03 6 5.0 4 7.05e-05
5 5.0e-03 6 5.0 5 2.19e-04
5 5.0e-03 6 6.0 4 2.34e-06
5 5.0e-03 6 6.0 5 4.15e-04
5 5.0e-03 6 6.2 4 1.24e-06
5 5.0e-03 6 6.2 5 4.48e-04
5 5.0e-03 6 7.0 4 5.28e-05
5 5.0e-03 6 7.0 5 3.06e-04
5 5.0e-03 6 8.0 4 4.80e-05
5 5.0e-03 6 8.0 5 2.42e-04
5 5.0e-03 6 8.8 4 6.55e-06
5 5.0e-03 6 8.8 5 4.29e-04
5 5.0e-03 6 9.0 4 2.50e-05
5 5.0e-03 6 9.0 5 4.07e-04
5 5.0e-03 7 0.0 4 4.85e-06
5 5.0e-03 7 0.0 5 3.99e-04
5 5.0e-03 7 0.0 6 3.97e-05
5 5.0e-03 7 1.0 4 8.04e-06
5 5.0e-03 7 1.0 5 4.08e-04
5 5.0e-03 7 1.0 6 3.72e-05
5 5.0e-03 7 1.4 4 1.24e-05
5 5.0e-03 7 1.4 5 4.11e-04
5 5.0e-03 7 10.0 4 1.50e-04
5 5.0e-03 7 10.0 5 3.19e-05
5 5.0e-03 7 10.0 6 3.73e-05
5 5.0e-03 7 2.0 4 2.58e-05
5 5.0e-03 7 2.0 5 4.02e-04
5 5.0e-03 7 2.0 6 3.61e-05
5 5.0e-03 7 3.0 4 7.28e-05
5 5.0e-03 7 3.0 5 2.98e-04
5 5.0e-03 7 3.0 6 4.53e-05
5 5.0e-03 7 4.0 0 3.37e-06
5 5.0e-03 7 4.0 1 1.92e-06
5 5.0e-03 7 4.0 2 6.60e-06
5 5.0e-03 7 4.0 3 9.15e-07
5 5.0e-03 7 4.0 4 1.37e-04
5 5.0e-03 7 4.0 5 9.19e-05
5 5.0e-03 7 4.0 6 3.78e-05
5 5.0e-03 7 4.0 7 2.59e-06
5 5.0e-03 7 4.0 8 9.64e-06
5 5.0e-03 7 4.0 9 2.23e-06
5 5.0e-03 7 4.6 4 1.29e-04
5 5.0e-03 7 4.6 5 3.07e-05
5 5.0e-03 7 5.0 4 9.08e-05
5 5.0e-03 7 5.0 5 6.28e-05
5 5.0e-03 7 5.0 6 4.07e-05
5 5.0e-03 7 6.0 4 5.33e-06
5 5.0e-03 7 6.0 5 3.66e-04
5 5.0e-03 7 6.0 6 3.01e-05
5 5.0e-03 7 6.3 4 1.87e-05
5 5.0e-03 7 6.3 5 4.18e-04
5 5.0e-03 7 7.0 4 1.27e-04
5 5.0e-03 7 7.0 5 2.56e-04
5 5.0e-03 7 7.0 6 2.62e-05
5 5.0e-03 7 8.0 4 9.17e-05
5 5.0e-03 7 8.0 5 6.58e-05
5 5.0e-03 7 8.0 6 3.39e-05
5 5.0e-03 7 9.0 4 4.94e-05
5 5.0e-03 7 9.0 5 3.92e-04
5 5.0e-03 7 9.0 6 3.70e-05
