## input_port input_power input_mzi_number input_mzi_voltage output_port output_power
8 5.0e-03 9 0.0 0 3.14e-04
8 5.0e-03 9 0.0 1 2.46e-05
8 5.0e-03 9 1.0 0 3.25e-04
8 5.0e-03 9 1.0 1 2.84e-05
8 5.0e-03 9 1.7 0 3.36e-04
8 5.0e-03 9 1.7 1 3.45e-05
8 5.0e-03 9 10.0 0 1.19e-04
8 5.0e-03 9 10.0 1 6.12e-06
8 5.0e-03 9 2.0 0 3.29e-04
8 5.0e-03 9 2.0 1 3.73e-05
8 5.0e-03 9 3.0 0 2.36e-04
8 5.0e-03 9 3.0 1 4.07e-05
8 5.0e-03 9 4.0 0 4.30e-05
8 5.0e-03 9 4.0 1 2.58e-05
8 5.0e-03 9 4.5 0 1.14e-07
8 5.0e-03 9 4.5 1 1.16e-05
8 5.0e-03 9 5.0 0 6.13e-05
8 5.0e-03 9 5.0 1 1.85e-06
8 5.0e-03 9 6.0 0 3.29e-04
8 5.0e-03 9 6.0 1 2.97e-05
8 5.0e-03 9 7.0 0 1.03e-04
8 5.0e-03 9 7.0 1 2.60e-05
8 5.0e-03 9 8.0 0 1.48e-04
8 5.0e-03 9 8.0 1 5.97e-06
8 5.0e-03 9 9.0 0 2.28e-04
8 5.0e-03 9 9.0 1 2.54e-05
