## input_port input_power input_mzi_number input_mzi_voltage output_port output_power
2 5.0e-03 11 0.0 2 1.27e-05
2 5.0e-03 11 0.0 3 3.34e-04
2 5.0e-03 11 1.0 2 1.32e-05
2 5.0e-03 11 1.0 3 3.48e-04
2 5.0e-03 11 1.8 2 1.37e-05
2 5.0e-03 11 1.8 3 3.62e-04
2 5.0e-03 11 10.0 2 8.50e-06
2 5.0e-03 11 10.0 3 9.96e-05
2 5.0e-03 11 2.0 2 1.35e-05
2 5.0e-03 11 2.0 3 3.60e-04
2 5.0e-03 11 3.0 2 1.02e-05
2 5.0e-03 11 3.0 3 2.70e-04
2 5.0e-03 11 4.0 2 3.32e-06
2 5.0e-03 11 4.0 3 6.09e-05
2 5.0e-03 11 4.5 2 2.07e-06
2 5.0e-03 11 4.5 3 2.41e-06
2 5.0e-03 11 5.0 2 6.38e-06
2 5.0e-03 11 5.0 3 5.45e-05
2 5.0e-03 11 6.0 2 1.96e-05
2 5.0e-03 11 6.0 3 3.39e-04
2 5.0e-03 11 7.0 2 4.70e-06
2 5.0e-03 11 7.0 3 1.18e-04
2 5.0e-03 11 8.0 2 1.33e-05
2 5.0e-03 11 8.0 3 1.42e-04
2 5.0e-03 11 9.0 2 1.47e-05
2 5.0e-03 11 9.0 3 2.36e-04
2 5.0e-03 16 0.0 2 1.55e-05
2 5.0e-03 16 0.0 3 3.42e-04
2 5.0e-03 16 1.0 2 1.70e-05
2 5.0e-03 16 1.0 3 3.57e-04
2 5.0e-03 16 1.9 2 2.02e-05
2 5.0e-03 16 1.9 3 3.74e-04
2 5.0e-03 16 10.0 2 9.31e-07
2 5.0e-03 16 10.0 3 4.14e-06
2 5.0e-03 16 2.0 2 2.12e-05
2 5.0e-03 16 2.0 3 3.74e-04
2 5.0e-03 16 3.0 2 2.19e-05
2 5.0e-03 16 3.0 3 3.03e-04
2 5.0e-03 16 4.0 2 1.00e-05
2 5.0e-03 16 4.0 3 8.77e-05
2 5.0e-03 16 4.7 2 1.06e-06
2 5.0e-03 16 4.7 3 4.56e-07
2 5.0e-03 16 5.0 2 3.10e-08
2 5.0e-03 16 5.0 3 2.95e-05
2 5.0e-03 16 6.0 2 1.97e-05
2 5.0e-03 16 6.0 3 3.24e-04
2 5.0e-03 16 7.0 2 2.48e-05
2 5.0e-03 16 7.0 3 2.05e-04
2 5.0e-03 16 8.0 2 4.24e-07
2 5.0e-03 16 8.0 3 5.30e-05
2 5.0e-03 16 9.0 2 3.22e-05
2 5.0e-03 16 9.0 3 3.39e-04
2 5.0e-03 1 0.0 2 1.30e-05
2 5.0e-03 1 0.0 3 3.28e-04
2 5.0e-03 1 1.0 2 2.03e-05
2 5.0e-03 1 1.0 3 3.10e-04
2 5.0e-03 1 10.0 2 1.42e-04
2 5.0e-03 1 10.0 3 1.01e-04
2 5.0e-03 1 2.0 2 5.48e-05
2 5.0e-03 1 2.0 3 2.41e-04
2 5.0e-03 1 3.0 2 1.33e-04
2 5.0e-03 1 3.0 3 9.81e-05
2 5.0e-03 1 3.9 2 1.86e-04
2 5.0e-03 1 3.9 3 9.95e-06
2 5.0e-03 1 4.0 2 1.84e-04
2 5.0e-03 1 4.0 3 1.36e-05
2 5.0e-03 1 5.0 2 9.18e-05
2 5.0e-03 1 5.0 3 2.02e-04
2 5.0e-03 1 5.8 2 5.38e-06
2 5.0e-03 1 5.8 3 3.55e-04
2 5.0e-03 1 6.0 2 1.17e-05
2 5.0e-03 1 6.0 3 3.46e-04
2 5.0e-03 1 7.0 2 1.81e-04
2 5.0e-03 1 7.0 3 4.44e-05
2 5.0e-03 1 8.0 2 8.62e-05
2 5.0e-03 1 8.0 3 1.98e-04
2 5.0e-03 1 9.0 2 9.10e-05
2 5.0e-03 1 9.0 3 2.15e-04
2 5.0e-03 21 0.0 2 1.48e-05
2 5.0e-03 21 0.0 3 3.63e-04
2 5.0e-03 21 1.0 2 1.38e-05
2 5.0e-03 21 1.0 3 3.45e-04
2 5.0e-03 21 10.0 2 1.81e-05
2 5.0e-03 21 10.0 3 3.16e-04
2 5.0e-03 21 2.0 2 8.31e-06
2 5.0e-03 21 2.0 3 2.61e-04
2 5.0e-03 21 3.0 2 1.68e-06
2 5.0e-03 21 3.0 3 9.67e-05
2 5.0e-03 21 3.9 2 2.19e-06
2 5.0e-03 21 3.9 3 2.09e-07
2 5.0e-03 21 4.0 2 3.44e-06
2 5.0e-03 21 4.0 3 3.98e-06
2 5.0e-03 21 5.0 2 2.10e-05
2 5.0e-03 21 5.0 3 2.39e-04
2 5.0e-03 21 5.7 2 2.62e-05
2 5.0e-03 21 5.7 3 3.80e-04
2 5.0e-03 21 6.0 2 2.10e-05
2 5.0e-03 21 6.0 3 3.45e-04
2 5.0e-03 21 7.0 2 9.59e-08
2 5.0e-03 21 7.0 3 4.61e-06
2 5.0e-03 21 8.0 2 2.62e-05
2 5.0e-03 21 8.0 3 3.37e-04
2 5.0e-03 21 9.0 2 5.30e-06
2 5.0e-03 21 9.0 3 6.90e-05
2 5.0e-03 26 0.0 2 1.62e-05
2 5.0e-03 26 0.0 3 3.67e-04
2 5.0e-03 26 1.0 2 1.79e-05
2 5.0e-03 26 1.0 3 4.00e-04
2 5.0e-03 26 10.0 2 4.54e-07
2 5.0e-03 26 10.0 3 2.63e-06
2 5.0e-03 26 2.0 2 2.22e-05
2 5.0e-03 26 2.0 3 4.69e-04
2 5.0e-03 26 2.5 2 2.31e-05
2 5.0e-03 26 2.5 3 4.81e-04
2 5.0e-03 26 3.0 2 2.10e-05
2 5.0e-03 26 3.0 3 4.51e-04
2 5.0e-03 26 4.0 2 9.45e-06
2 5.0e-03 26 4.0 3 2.11e-04
2 5.0e-03 26 4.9 2 9.28e-07
2 5.0e-03 26 4.9 3 8.50e-07
2 5.0e-03 26 5.0 2 1.14e-06
2 5.0e-03 26 5.0 3 1.36e-06
2 5.0e-03 26 6.0 2 2.16e-05
2 5.0e-03 26 6.0 3 3.30e-04
2 5.0e-03 26 7.0 2 1.83e-05
2 5.0e-03 26 7.0 3 3.66e-04
2 5.0e-03 26 8.0 2 2.54e-06
2 5.0e-03 26 8.0 3 1.27e-05
2 5.0e-03 26 9.0 2 2.59e-05
2 5.0e-03 26 9.0 3 4.49e-04
2 5.0e-03 31 0.0 2 1.38e-05
2 5.0e-03 31 0.0 3 3.54e-04
2 5.0e-03 31 0.5 2 1.40e-05
2 5.0e-03 31 0.5 3 3.55e-04
2 5.0e-03 31 1.0 2 1.42e-05
2 5.0e-03 31 1.0 3 3.52e-04
2 5.0e-03 31 10.0 2 1.00e-05
2 5.0e-03 31 10.0 3 2.11e-04
2 5.0e-03 31 2.0 2 1.44e-05
2 5.0e-03 31 2.0 3 3.17e-04
2 5.0e-03 31 3.0 2 1.02e-05
2 5.0e-03 31 3.0 3 1.80e-04
2 5.0e-03 31 4.0 2 4.06e-06
2 5.0e-03 31 4.0 3 7.66e-06
2 5.0e-03 31 4.2 2 4.06e-06
2 5.0e-03 31 4.2 3 7.38e-08
2 5.0e-03 31 5.0 2 8.41e-06
2 5.0e-03 31 5.0 3 1.42e-04
2 5.0e-03 31 6.0 2 1.75e-05
2 5.0e-03 31 6.0 3 3.69e-04
2 5.0e-03 31 7.0 2 2.21e-06
2 5.0e-03 31 7.0 3 4.25e-05
2 5.0e-03 31 8.0 2 1.23e-05
2 5.0e-03 31 8.0 3 2.22e-04
2 5.0e-03 31 9.0 2 1.76e-05
2 5.0e-03 31 9.0 3 1.36e-04
2 5.0e-03 40 0.0 2 1.40e-05
2 5.0e-03 40 0.0 3 3.57e-04
2 5.0e-03 40 0.6 2 1.40e-05
2 5.0e-03 40 0.6 3 3.56e-04
2 5.0e-03 40 1.0 2 1.39e-05
2 5.0e-03 40 1.0 3 3.58e-04
2 5.0e-03 40 10.0 2 1.15e-05
2 5.0e-03 40 10.0 3 1.68e-04
2 5.0e-03 40 2.0 2 1.17e-05
2 5.0e-03 40 2.0 3 3.20e-04
2 5.0e-03 40 3.0 2 6.14e-06
2 5.0e-03 40 3.0 3 1.83e-04
2 5.0e-03 40 4.0 2 7.43e-07
2 5.0e-03 40 4.0 3 1.09e-05
2 5.0e-03 40 4.2 2 6.05e-07
2 5.0e-03 40 4.2 3 1.18e-06
2 5.0e-03 40 5.0 2 7.72e-06
2 5.0e-03 40 5.0 3 1.26e-04
2 5.0e-03 40 6.0 2 1.87e-05
2 5.0e-03 40 6.0 3 3.67e-04
2 5.0e-03 40 7.0 2 3.08e-06
2 5.0e-03 40 7.0 3 6.29e-05
2 5.0e-03 40 8.0 2 1.57e-05
2 5.0e-03 40 8.0 3 1.98e-04
2 5.0e-03 40 8.5 2 2.74e-05
2 5.0e-03 40 8.5 3 3.39e-04
2 5.0e-03 40 9.0 2 1.52e-05
2 5.0e-03 40 9.0 3 1.90e-04
2 5.0e-03 44 0.0 2 1.37e-05
2 5.0e-03 44 0.0 3 3.44e-04
2 5.0e-03 44 1.0 2 1.26e-05
2 5.0e-03 44 1.0 3 3.39e-04
2 5.0e-03 44 10.0 2 2.64e-06
2 5.0e-03 44 10.0 3 6.76e-05
2 5.0e-03 44 2.0 2 9.95e-06
2 5.0e-03 44 2.0 3 3.00e-04
2 5.0e-03 44 3.0 2 8.58e-06
2 5.0e-03 44 3.0 3 1.79e-04
2 5.0e-03 44 4.0 2 1.63e-05
2 5.0e-03 44 4.0 3 2.81e-05
2 5.0e-03 44 4.4 2 2.26e-05
2 5.0e-03 44 4.4 3 1.74e-06
2 5.0e-03 44 5.0 2 3.48e-05
2 5.0e-03 44 5.0 3 5.09e-05
2 5.0e-03 44 6.0 2 3.10e-05
2 5.0e-03 44 6.0 3 3.23e-04
2 5.0e-03 44 7.0 2 2.57e-06
2 5.0e-03 44 7.0 3 2.60e-04
2 5.0e-03 44 8.0 2 2.51e-05
2 5.0e-03 44 8.0 3 2.90e-06
2 5.0e-03 44 9.0 2 3.81e-05
2 5.0e-03 44 9.0 3 3.28e-04
2 5.0e-03 48 0.0 2 1.39e-05
2 5.0e-03 48 0.0 3 3.50e-04
2 5.0e-03 48 1.0 2 4.77e-06
2 5.0e-03 48 1.0 3 3.60e-04
2 5.0e-03 48 1.5 2 2.78e-07
2 5.0e-03 48 1.5 3 3.66e-04
2 5.0e-03 48 10.0 2 3.63e-04
2 5.0e-03 48 10.0 3 8.00e-07
2 5.0e-03 48 2.0 2 7.56e-06
2 5.0e-03 48 2.0 3 3.57e-04
2 5.0e-03 48 3.0 2 1.02e-04
2 5.0e-03 48 3.0 3 2.57e-04
2 5.0e-03 48 4.0 2 3.01e-04
2 5.0e-03 48 4.0 3 5.85e-05
2 5.0e-03 48 4.6 2 3.59e-04
2 5.0e-03 48 4.6 3 7.34e-07
2 5.0e-03 48 5.0 2 3.22e-04
2 5.0e-03 48 5.0 3 3.75e-05
2 5.0e-03 48 6.0 2 4.27e-05
2 5.0e-03 48 6.0 3 3.42e-04
2 5.0e-03 48 7.0 2 1.54e-04
2 5.0e-03 48 7.0 3 2.29e-04
2 5.0e-03 48 8.0 2 3.39e-04
2 5.0e-03 48 8.0 3 3.85e-05
2 5.0e-03 48 9.0 2 3.41e-06
2 5.0e-03 48 9.0 3 3.78e-04
2 5.0e-03 6 0.0 2 1.28e-05
2 5.0e-03 6 0.0 3 3.28e-04
2 5.0e-03 6 0.6 2 1.58e-05
2 5.0e-03 6 0.6 3 3.28e-04
2 5.0e-03 6 1.0 2 1.27e-05
2 5.0e-03 6 1.0 3 3.26e-04
2 5.0e-03 6 10.0 2 8.06e-08
2 5.0e-03 6 10.0 3 2.28e-06
2 5.0e-03 6 2.0 2 1.22e-05
2 5.0e-03 6 2.0 3 2.96e-04
2 5.0e-03 6 3.0 2 8.08e-06
2 5.0e-03 6 3.0 3 1.82e-04
2 5.0e-03 6 4.0 2 1.45e-06
2 5.0e-03 6 4.0 3 2.17e-05
2 5.0e-03 6 4.4 2 1.73e-07
2 5.0e-03 6 4.4 3 9.60e-08
2 5.0e-03 6 5.0 2 3.49e-06
2 5.0e-03 6 5.0 3 6.83e-05
2 5.0e-03 6 6.0 2 1.88e-05
2 5.0e-03 6 6.0 3 3.12e-04
2 5.0e-03 6 7.0 2 1.18e-05
2 5.0e-03 6 7.0 3 1.52e-04
2 5.0e-03 6 8.0 2 3.25e-06
2 5.0e-03 6 8.0 3 5.55e-05
2 5.0e-03 6 9.0 2 2.27e-05
2 5.0e-03 6 9.0 3 2.90e-04
