## input_port input_power input_mzi_number input_mzi_voltage output_port output_power
0 5.0e-03 0 0.0 0 3.54e-05
0 5.0e-03 0 0.0 1 4.23e-04
0 5.0e-03 0 1.0 0 1.72e-05
0 5.0e-03 0 1.0 1 4.40e-04
0 5.0e-03 0 10.0 0 2.64e-04
0 5.0e-03 0 10.0 1 1.56e-04
0 5.0e-03 0 2.0 0 1.67e-06
0 5.0e-03 0 2.0 1 4.43e-04
0 5.0e-03 0 3.0 0 8.84e-05
0 5.0e-03 0 3.0 1 3.16e-04
0 5.0e-03 0 4.0 0 3.02e-04
0 5.0e-03 0 4.0 1 5.89e-05
0 5.0e-03 0 5.0 0 3.00e-04
0 5.0e-03 0 5.0 1 7.73e-05
0 5.0e-03 0 6.0 0 1.39e-05
0 5.0e-03 0 6.0 1 4.33e-04
0 5.0e-03 0 7.0 0 2.34e-04
0 5.0e-03 0 7.0 1 1.31e-04
0 5.0e-03 0 8.0 0 2.28e-04
0 5.0e-03 0 8.0 1 1.97e-04
0 5.0e-03 0 9.0 0 1.02e-04
0 5.0e-03 0 9.0 1 2.90e-04
0 5.0e-03 10 0.0 0 4.10e-05
0 5.0e-03 10 0.0 1 4.01e-04
0 5.0e-03 10 1.0 0 4.19e-05
0 5.0e-03 10 1.0 1 4.04e-04
0 5.0e-03 10 10.0 0 1.08e-05
0 5.0e-03 10 10.0 1 2.42e-04
0 5.0e-03 10 2.0 0 4.29e-05
0 5.0e-03 10 2.0 1 3.76e-04
0 5.0e-03 10 3.0 0 3.56e-05
0 5.0e-03 10 3.0 1 2.17e-04
0 5.0e-03 10 4.0 0 1.92e-05
0 5.0e-03 10 4.0 1 1.18e-05
0 5.0e-03 10 5.0 0 1.66e-05
0 5.0e-03 10 5.0 1 1.59e-04
0 5.0e-03 10 6.0 0 3.44e-05
0 5.0e-03 10 6.0 1 4.20e-04
0 5.0e-03 10 7.0 0 2.05e-05
0 5.0e-03 10 7.0 1 4.60e-05
0 5.0e-03 10 8.0 0 1.42e-05
0 5.0e-03 10 8.0 1 2.87e-04
0 5.0e-03 10 9.0 0 3.05e-05
0 5.0e-03 10 9.0 1 1.93e-04
0 5.0e-03 11 0.0 0 3.42e-05
0 5.0e-03 11 0.0 1 3.80e-04
0 5.0e-03 11 1.0 0 3.26e-05
0 5.0e-03 11 1.0 1 3.89e-04
0 5.0e-03 11 10.0 0 2.86e-05
0 5.0e-03 11 10.0 1 3.89e-04
0 5.0e-03 11 2.0 0 3.17e-05
0 5.0e-03 11 2.0 1 3.90e-04
0 5.0e-03 11 3.0 0 3.12e-05
0 5.0e-03 11 3.0 1 3.92e-04
0 5.0e-03 11 4.0 0 3.30e-05
0 5.0e-03 11 4.0 1 3.89e-04
0 5.0e-03 11 5.0 0 2.93e-05
0 5.0e-03 11 5.0 1 3.92e-04
0 5.0e-03 11 6.0 0 2.66e-05
0 5.0e-03 11 6.0 1 3.91e-04
0 5.0e-03 11 7.0 0 3.02e-05
0 5.0e-03 11 7.0 1 3.88e-04
0 5.0e-03 11 8.0 0 2.66e-05
0 5.0e-03 11 8.0 1 3.77e-04
0 5.0e-03 11 9.0 0 2.99e-05
0 5.0e-03 11 9.0 1 3.77e-04
0 5.0e-03 12 0.0 0 3.40e-05
0 5.0e-03 12 0.0 1 3.88e-04
0 5.0e-03 12 1.0 0 3.37e-05
0 5.0e-03 12 1.0 1 3.87e-04
0 5.0e-03 12 10.0 0 2.90e-05
0 5.0e-03 12 10.0 1 3.83e-04
0 5.0e-03 12 2.0 0 3.25e-05
0 5.0e-03 12 2.0 1 3.90e-04
0 5.0e-03 12 3.0 0 3.08e-05
0 5.0e-03 12 3.0 1 3.94e-04
0 5.0e-03 12 4.0 0 3.21e-05
0 5.0e-03 12 4.0 1 3.94e-04
0 5.0e-03 12 5.0 0 3.14e-05
0 5.0e-03 12 5.0 1 3.92e-04
0 5.0e-03 12 6.0 0 2.72e-05
0 5.0e-03 12 6.0 1 3.95e-04
0 5.0e-03 12 7.0 0 2.95e-05
0 5.0e-03 12 7.0 1 3.91e-04
0 5.0e-03 12 8.0 0 2.61e-05
0 5.0e-03 12 8.0 1 3.83e-04
0 5.0e-03 12 9.0 0 3.01e-05
0 5.0e-03 12 9.0 1 3.77e-04
0 5.0e-03 13 0.0 0 3.40e-05
0 5.0e-03 13 0.0 1 3.88e-04
0 5.0e-03 13 1.0 0 3.38e-05
0 5.0e-03 13 1.0 1 3.88e-04
0 5.0e-03 13 10.0 0 2.92e-05
0 5.0e-03 13 10.0 1 3.83e-04
0 5.0e-03 13 2.0 0 3.35e-05
0 5.0e-03 13 2.0 1 3.90e-04
0 5.0e-03 13 3.0 0 3.31e-05
0 5.0e-03 13 3.0 1 3.90e-04
0 5.0e-03 13 4.0 0 3.19e-05
0 5.0e-03 13 4.0 1 3.92e-04
0 5.0e-03 13 5.0 0 3.01e-05
0 5.0e-03 13 5.0 1 3.93e-04
0 5.0e-03 13 6.0 0 2.79e-05
0 5.0e-03 13 6.0 1 3.95e-04
0 5.0e-03 13 7.0 0 2.63e-05
0 5.0e-03 13 7.0 1 3.94e-04
0 5.0e-03 13 8.0 0 2.58e-05
0 5.0e-03 13 8.0 1 3.91e-04
0 5.0e-03 13 9.0 0 2.66e-05
0 5.0e-03 13 9.0 1 3.80e-04
0 5.0e-03 14 0.0 0 3.40e-05
0 5.0e-03 14 0.0 1 3.88e-04
0 5.0e-03 14 1.0 0 3.36e-05
0 5.0e-03 14 1.0 1 3.87e-04
0 5.0e-03 14 10.0 0 2.08e-05
0 5.0e-03 14 10.0 1 3.95e-04
0 5.0e-03 14 2.0 0 3.07e-05
0 5.0e-03 14 2.0 1 3.92e-04
0 5.0e-03 14 3.0 0 2.33e-05
0 5.0e-03 14 3.0 1 3.99e-04
0 5.0e-03 14 4.0 0 1.37e-05
0 5.0e-03 14 4.0 1 4.05e-04
0 5.0e-03 14 5.0 0 2.16e-05
0 5.0e-03 14 5.0 1 3.99e-04
0 5.0e-03 14 6.0 0 2.88e-05
0 5.0e-03 14 6.0 1 3.97e-04
0 5.0e-03 14 7.0 0 1.21e-05
0 5.0e-03 14 7.0 1 4.07e-04
0 5.0e-03 14 8.0 0 2.04e-05
0 5.0e-03 14 8.0 1 3.94e-04
0 5.0e-03 14 9.0 0 1.81e-05
0 5.0e-03 14 9.0 1 3.86e-04
0 5.0e-03 15 0.0 0 3.40e-05
0 5.0e-03 15 0.0 1 3.88e-04
0 5.0e-03 15 1.0 0 3.58e-05
0 5.0e-03 15 1.0 1 4.12e-04
0 5.0e-03 15 10.0 0 1.78e-06
0 5.0e-03 15 10.0 1 6.59e-07
0 5.0e-03 15 2.0 0 3.72e-05
0 5.0e-03 15 2.0 1 4.50e-04
0 5.0e-03 15 3.0 0 3.20e-05
0 5.0e-03 15 3.0 1 3.76e-04
0 5.0e-03 15 4.0 0 1.56e-05
0 5.0e-03 15 4.0 1 1.37e-04
0 5.0e-03 15 5.0 0 5.03e-06
0 5.0e-03 15 5.0 1 1.55e-05
0 5.0e-03 15 6.0 0 2.57e-05
0 5.0e-03 15 6.0 1 3.68e-04
0 5.0e-03 15 7.0 0 2.01e-05
0 5.0e-03 15 7.0 1 3.07e-04
0 5.0e-03 15 8.0 0 4.39e-06
0 5.0e-03 15 8.0 1 3.40e-05
0 5.0e-03 15 9.0 0 2.61e-05
0 5.0e-03 15 9.0 1 4.56e-04
0 5.0e-03 16 0.0 0 3.17e-05
0 5.0e-03 16 0.0 1 3.93e-04
0 5.0e-03 16 1.0 0 3.21e-05
0 5.0e-03 16 1.0 1 3.92e-04
0 5.0e-03 16 10.0 0 3.00e-05
0 5.0e-03 16 10.0 1 3.88e-04
0 5.0e-03 16 2.0 0 3.22e-05
0 5.0e-03 16 2.0 1 3.93e-04
0 5.0e-03 16 3.0 0 3.26e-05
0 5.0e-03 16 3.0 1 3.96e-04
0 5.0e-03 16 4.0 0 3.16e-05
0 5.0e-03 16 4.0 1 3.96e-04
0 5.0e-03 16 5.0 0 2.92e-05
0 5.0e-03 16 5.0 1 3.97e-04
0 5.0e-03 16 6.0 0 2.77e-05
0 5.0e-03 16 6.0 1 3.94e-04
0 5.0e-03 16 7.0 0 2.69e-05
0 5.0e-03 16 7.0 1 3.88e-04
0 5.0e-03 16 8.0 0 2.72e-05
0 5.0e-03 16 8.0 1 3.77e-04
0 5.0e-03 16 9.0 0 2.89e-05
0 5.0e-03 16 9.0 1 3.76e-04
0 5.0e-03 17 0.0 0 3.47e-05
0 5.0e-03 17 0.0 1 4.04e-04
0 5.0e-03 17 1.0 0 3.36e-05
0 5.0e-03 17 1.0 1 4.06e-04
0 5.0e-03 17 10.0 0 2.83e-05
0 5.0e-03 17 10.0 1 3.95e-04
0 5.0e-03 17 2.0 0 3.14e-05
0 5.0e-03 17 2.0 1 4.06e-04
0 5.0e-03 17 3.0 0 3.10e-05
0 5.0e-03 17 3.0 1 4.08e-04
0 5.0e-03 17 4.0 0 3.58e-05
0 5.0e-03 17 4.0 1 4.09e-04
0 5.0e-03 17 5.0 0 3.54e-05
0 5.0e-03 17 5.0 1 4.12e-04
0 5.0e-03 17 6.0 0 2.83e-05
0 5.0e-03 17 6.0 1 4.08e-04
0 5.0e-03 17 7.0 0 3.42e-05
0 5.0e-03 17 7.0 1 4.09e-04
0 5.0e-03 17 8.0 0 2.95e-05
0 5.0e-03 17 8.0 1 3.82e-04
0 5.0e-03 17 9.0 0 3.48e-05
0 5.0e-03 17 9.0 1 3.93e-04
0 5.0e-03 18 0.0 0 3.47e-05
0 5.0e-03 18 0.0 1 4.04e-04
0 5.0e-03 18 1.0 0 3.64e-05
0 5.0e-03 18 1.0 1 4.00e-04
0 5.0e-03 18 10.0 0 3.05e-05
0 5.0e-03 18 10.0 1 3.97e-04
0 5.0e-03 18 2.0 0 3.46e-05
0 5.0e-03 18 2.0 1 4.01e-04
0 5.0e-03 18 3.0 0 3.24e-05
0 5.0e-03 18 3.0 1 3.98e-04
0 5.0e-03 18 4.0 0 3.16e-05
0 5.0e-03 18 4.0 1 3.91e-04
0 5.0e-03 18 5.0 0 3.37e-05
0 5.0e-03 18 5.0 1 4.04e-04
0 5.0e-03 18 6.0 0 2.89e-05
0 5.0e-03 18 6.0 1 4.09e-04
0 5.0e-03 18 7.0 0 2.77e-05
0 5.0e-03 18 7.0 1 3.97e-04
0 5.0e-03 18 8.0 0 2.77e-05
0 5.0e-03 18 8.0 1 3.97e-04
0 5.0e-03 18 9.0 0 2.93e-05
0 5.0e-03 18 9.0 1 3.80e-04
0 5.0e-03 19 0.0 0 3.47e-05
0 5.0e-03 19 0.0 1 4.04e-04
0 5.0e-03 19 1.0 0 3.65e-05
0 5.0e-03 19 1.0 1 4.02e-04
0 5.0e-03 19 10.0 0 2.39e-05
0 5.0e-03 19 10.0 1 4.11e-04
0 5.0e-03 19 2.0 0 3.65e-05
0 5.0e-03 19 2.0 1 4.02e-04
0 5.0e-03 19 3.0 0 3.39e-05
0 5.0e-03 19 3.0 1 4.05e-04
0 5.0e-03 19 4.0 0 2.48e-05
0 5.0e-03 19 4.0 1 4.11e-04
0 5.0e-03 19 5.0 0 1.69e-05
0 5.0e-03 19 5.0 1 4.17e-04
0 5.0e-03 19 6.0 0 3.06e-05
0 5.0e-03 19 6.0 1 4.08e-04
0 5.0e-03 19 7.0 0 1.44e-05
0 5.0e-03 19 7.0 1 4.17e-04
0 5.0e-03 19 8.0 0 1.90e-05
0 5.0e-03 19 8.0 1 3.96e-04
0 5.0e-03 19 9.0 0 1.70e-05
0 5.0e-03 19 9.0 1 3.94e-04
0 5.0e-03 1 0.0 0 3.94e-05
0 5.0e-03 1 0.0 1 4.20e-04
0 5.0e-03 1 1.0 0 3.90e-05
0 5.0e-03 1 1.0 1 4.20e-04
0 5.0e-03 1 10.0 0 3.66e-05
0 5.0e-03 1 10.0 1 4.16e-04
0 5.0e-03 1 2.0 0 3.69e-05
0 5.0e-03 1 2.0 1 4.22e-04
0 5.0e-03 1 3.0 0 3.76e-05
0 5.0e-03 1 3.0 1 4.22e-04
0 5.0e-03 1 4.0 0 3.74e-05
0 5.0e-03 1 4.0 1 4.22e-04
0 5.0e-03 1 5.0 0 3.48e-05
0 5.0e-03 1 5.0 1 4.25e-04
0 5.0e-03 1 6.0 0 3.22e-05
0 5.0e-03 1 6.0 1 4.26e-04
0 5.0e-03 1 7.0 0 3.27e-05
0 5.0e-03 1 7.0 1 4.15e-04
0 5.0e-03 1 8.0 0 3.17e-05
0 5.0e-03 1 8.0 1 4.08e-04
0 5.0e-03 1 9.0 0 3.39e-05
0 5.0e-03 1 9.0 1 4.04e-04
0 5.0e-03 20 0.0 0 3.75e-05
0 5.0e-03 20 0.0 1 4.08e-04
0 5.0e-03 20 1.0 0 3.82e-05
0 5.0e-03 20 1.0 1 4.04e-04
0 5.0e-03 20 10.0 0 2.26e-05
0 5.0e-03 20 10.0 1 2.30e-04
0 5.0e-03 20 2.0 0 3.55e-05
0 5.0e-03 20 2.0 1 3.55e-04
0 5.0e-03 20 3.0 0 2.09e-05
0 5.0e-03 20 3.0 1 1.85e-04
0 5.0e-03 20 4.0 0 4.45e-06
0 5.0e-03 20 4.0 1 6.12e-06
0 5.0e-03 20 5.0 0 1.35e-05
0 5.0e-03 20 5.0 1 1.58e-04
0 5.0e-03 20 6.0 0 2.85e-05
0 5.0e-03 20 6.0 1 4.16e-04
0 5.0e-03 20 7.0 0 5.28e-06
0 5.0e-03 20 7.0 1 5.16e-05
0 5.0e-03 20 8.0 0 1.99e-05
0 5.0e-03 20 8.0 1 2.77e-04
0 5.0e-03 20 9.0 0 1.09e-05
0 5.0e-03 20 9.0 1 1.95e-04
0 5.0e-03 21 0.0 0 3.75e-05
0 5.0e-03 21 0.0 1 4.08e-04
0 5.0e-03 21 1.0 0 3.70e-05
0 5.0e-03 21 1.0 1 4.09e-04
0 5.0e-03 21 10.0 0 3.00e-05
0 5.0e-03 21 10.0 1 4.18e-04
0 5.0e-03 21 2.0 0 3.66e-05
0 5.0e-03 21 2.0 1 4.12e-04
0 5.0e-03 21 3.0 0 3.51e-05
0 5.0e-03 21 3.0 1 4.15e-04
0 5.0e-03 21 4.0 0 3.39e-05
0 5.0e-03 21 4.0 1 4.19e-04
0 5.0e-03 21 5.0 0 3.13e-05
0 5.0e-03 21 5.0 1 4.21e-04
0 5.0e-03 21 6.0 0 2.83e-05
0 5.0e-03 21 6.0 1 4.20e-04
0 5.0e-03 21 7.0 0 2.86e-05
0 5.0e-03 21 7.0 1 4.16e-04
0 5.0e-03 21 8.0 0 2.87e-05
0 5.0e-03 21 8.0 1 3.99e-04
0 5.0e-03 21 9.0 0 3.10e-05
0 5.0e-03 21 9.0 1 4.05e-04
0 5.0e-03 22 0.0 0 3.84e-05
0 5.0e-03 22 0.0 1 3.99e-04
0 5.0e-03 22 1.0 0 3.80e-05
0 5.0e-03 22 1.0 1 3.94e-04
0 5.0e-03 22 10.0 0 2.92e-05
0 5.0e-03 22 10.0 1 3.95e-04
0 5.0e-03 22 2.0 0 3.64e-05
0 5.0e-03 22 2.0 1 4.02e-04
0 5.0e-03 22 3.0 0 3.44e-05
0 5.0e-03 22 3.0 1 4.11e-04
0 5.0e-03 22 4.0 0 3.73e-05
0 5.0e-03 22 4.0 1 4.13e-04
0 5.0e-03 22 5.0 0 3.93e-05
0 5.0e-03 22 5.0 1 4.11e-04
0 5.0e-03 22 6.0 0 3.21e-05
0 5.0e-03 22 6.0 1 4.19e-04
0 5.0e-03 22 7.0 0 3.55e-05
0 5.0e-03 22 7.0 1 4.17e-04
0 5.0e-03 22 8.0 0 2.84e-05
0 5.0e-03 22 8.0 1 4.17e-04
0 5.0e-03 22 9.0 0 3.23e-05
0 5.0e-03 22 9.0 1 4.08e-04
0 5.0e-03 23 0.0 0 3.88e-05
0 5.0e-03 23 0.0 1 4.08e-04
0 5.0e-03 23 1.0 0 3.86e-05
0 5.0e-03 23 1.0 1 4.03e-04
0 5.0e-03 23 10.0 0 3.02e-05
0 5.0e-03 23 10.0 1 4.09e-04
0 5.0e-03 23 2.0 0 3.81e-05
0 5.0e-03 23 2.0 1 4.10e-04
0 5.0e-03 23 3.0 0 3.66e-05
0 5.0e-03 23 3.0 1 4.08e-04
0 5.0e-03 23 4.0 0 3.49e-05
0 5.0e-03 23 4.0 1 4.11e-04
0 5.0e-03 23 5.0 0 3.45e-05
0 5.0e-03 23 5.0 1 4.26e-04
0 5.0e-03 23 6.0 0 3.12e-05
0 5.0e-03 23 6.0 1 4.25e-04
0 5.0e-03 23 7.0 0 2.82e-05
0 5.0e-03 23 7.0 1 4.23e-04
0 5.0e-03 23 8.0 0 2.90e-05
0 5.0e-03 23 8.0 1 4.30e-04
0 5.0e-03 23 9.0 0 2.88e-05
0 5.0e-03 23 9.0 1 4.09e-04
0 5.0e-03 24 0.0 0 3.78e-05
0 5.0e-03 24 0.0 1 4.12e-04
0 5.0e-03 24 1.0 0 3.82e-05
0 5.0e-03 24 1.0 1 4.13e-04
0 5.0e-03 24 10.0 0 1.54e-05
0 5.0e-03 24 10.0 1 4.13e-04
0 5.0e-03 24 2.0 0 3.68e-05
0 5.0e-03 24 2.0 1 4.18e-04
0 5.0e-03 24 3.0 0 2.93e-05
0 5.0e-03 24 3.0 1 4.29e-04
0 5.0e-03 24 4.0 0 1.68e-05
0 5.0e-03 24 4.0 1 4.37e-04
0 5.0e-03 24 5.0 0 1.81e-05
0 5.0e-03 24 5.0 1 4.32e-04
0 5.0e-03 24 6.0 0 3.01e-05
0 5.0e-03 24 6.0 1 4.24e-04
0 5.0e-03 24 7.0 0 1.83e-05
0 5.0e-03 24 7.0 1 4.35e-04
0 5.0e-03 24 8.0 0 1.68e-05
0 5.0e-03 24 8.0 1 4.20e-04
0 5.0e-03 24 9.0 0 2.47e-05
0 5.0e-03 24 9.0 1 4.08e-04
0 5.0e-03 25 0.0 0 3.45e-05
0 5.0e-03 25 0.0 1 4.21e-04
0 5.0e-03 25 1.0 0 3.36e-05
0 5.0e-03 25 1.0 1 4.07e-04
0 5.0e-03 25 10.0 0 1.65e-05
0 5.0e-03 25 10.0 1 9.51e-05
0 5.0e-03 25 2.0 0 2.86e-05
0 5.0e-03 25 2.0 1 3.37e-04
0 5.0e-03 25 3.0 0 1.49e-05
0 5.0e-03 25 3.0 1 1.64e-04
0 5.0e-03 25 4.0 0 1.60e-06
0 5.0e-03 25 4.0 1 2.54e-06
0 5.0e-03 25 5.0 0 1.27e-05
0 5.0e-03 25 5.0 1 1.77e-04
0 5.0e-03 25 6.0 0 2.89e-05
0 5.0e-03 25 6.0 1 4.21e-04
0 5.0e-03 25 7.0 0 4.28e-06
0 5.0e-03 25 7.0 1 7.50e-05
0 5.0e-03 25 8.0 0 2.30e-05
0 5.0e-03 25 8.0 1 2.11e-04
0 5.0e-03 25 9.0 0 1.65e-05
0 5.0e-03 25 9.0 1 3.18e-04
0 5.0e-03 26 0.0 0 3.53e-05
0 5.0e-03 26 0.0 1 4.22e-04
0 5.0e-03 26 1.0 0 3.48e-05
0 5.0e-03 26 1.0 1 4.23e-04
0 5.0e-03 26 10.0 0 3.04e-05
0 5.0e-03 26 10.0 1 4.27e-04
0 5.0e-03 26 2.0 0 3.38e-05
0 5.0e-03 26 2.0 1 4.24e-04
0 5.0e-03 26 3.0 0 3.39e-05
0 5.0e-03 26 3.0 1 4.26e-04
0 5.0e-03 26 4.0 0 3.18e-05
0 5.0e-03 26 4.0 1 4.29e-04
0 5.0e-03 26 5.0 0 2.97e-05
0 5.0e-03 26 5.0 1 4.27e-04
0 5.0e-03 26 6.0 0 2.89e-05
0 5.0e-03 26 6.0 1 4.23e-04
0 5.0e-03 26 7.0 0 2.86e-05
0 5.0e-03 26 7.0 1 4.12e-04
0 5.0e-03 26 8.0 0 2.98e-05
0 5.0e-03 26 8.0 1 4.01e-04
0 5.0e-03 26 9.0 0 3.08e-05
0 5.0e-03 26 9.0 1 4.13e-04
0 5.0e-03 27 0.0 0 3.36e-05
0 5.0e-03 27 0.0 1 4.13e-04
0 5.0e-03 27 1.0 0 3.34e-05
0 5.0e-03 27 1.0 1 4.12e-04
0 5.0e-03 27 10.0 0 2.98e-05
0 5.0e-03 27 10.0 1 4.07e-04
0 5.0e-03 27 2.0 0 3.06e-05
0 5.0e-03 27 2.0 1 4.12e-04
0 5.0e-03 27 3.0 0 2.92e-05
0 5.0e-03 27 3.0 1 4.11e-04
0 5.0e-03 27 4.0 0 3.14e-05
0 5.0e-03 27 4.0 1 4.10e-04
0 5.0e-03 27 5.0 0 3.23e-05
0 5.0e-03 27 5.0 1 4.17e-04
0 5.0e-03 27 6.0 0 2.70e-05
0 5.0e-03 27 6.0 1 4.13e-04
0 5.0e-03 27 7.0 0 2.98e-05
0 5.0e-03 27 7.0 1 4.05e-04
0 5.0e-03 27 8.0 0 3.02e-05
0 5.0e-03 27 8.0 1 3.94e-04
0 5.0e-03 27 9.0 0 3.19e-05
0 5.0e-03 27 9.0 1 4.00e-04
0 5.0e-03 28 0.0 0 3.64e-05
0 5.0e-03 28 0.0 1 4.10e-04
0 5.0e-03 28 1.0 0 3.63e-05
0 5.0e-03 28 1.0 1 4.10e-04
0 5.0e-03 28 10.0 0 3.04e-05
0 5.0e-03 28 10.0 1 4.02e-04
0 5.0e-03 28 2.0 0 3.59e-05
0 5.0e-03 28 2.0 1 4.13e-04
0 5.0e-03 28 3.0 0 3.47e-05
0 5.0e-03 28 3.0 1 4.13e-04
0 5.0e-03 28 4.0 0 3.18e-05
0 5.0e-03 28 4.0 1 4.09e-04
0 5.0e-03 28 5.0 0 3.08e-05
0 5.0e-03 28 5.0 1 4.12e-04
0 5.0e-03 28 6.0 0 2.84e-05
0 5.0e-03 28 6.0 1 4.17e-04
0 5.0e-03 28 7.0 0 2.74e-05
0 5.0e-03 28 7.0 1 4.05e-04
0 5.0e-03 28 8.0 0 2.83e-05
0 5.0e-03 28 8.0 1 3.98e-04
0 5.0e-03 28 9.0 0 2.92e-05
0 5.0e-03 28 9.0 1 3.90e-04
0 5.0e-03 29 0.0 0 3.58e-05
0 5.0e-03 29 0.0 1 4.17e-04
0 5.0e-03 29 1.0 0 3.55e-05
0 5.0e-03 29 1.0 1 4.17e-04
0 5.0e-03 29 10.0 0 2.26e-05
0 5.0e-03 29 10.0 1 4.23e-04
0 5.0e-03 29 2.0 0 3.11e-05
0 5.0e-03 29 2.0 1 4.20e-04
0 5.0e-03 29 3.0 0 2.11e-05
0 5.0e-03 29 3.0 1 4.23e-04
0 5.0e-03 29 4.0 0 1.32e-05
0 5.0e-03 29 4.0 1 4.22e-04
0 5.0e-03 29 5.0 0 2.16e-05
0 5.0e-03 29 5.0 1 4.22e-04
0 5.0e-03 29 6.0 0 2.82e-05
0 5.0e-03 29 6.0 1 4.17e-04
0 5.0e-03 29 7.0 0 1.40e-05
0 5.0e-03 29 7.0 1 4.10e-04
0 5.0e-03 29 8.0 0 2.63e-05
0 5.0e-03 29 8.0 1 3.98e-04
0 5.0e-03 29 9.0 0 1.97e-05
0 5.0e-03 29 9.0 1 4.11e-04
0 5.0e-03 2 0.0 0 4.10e-05
0 5.0e-03 2 0.0 1 4.14e-04
0 5.0e-03 2 1.0 0 4.09e-05
0 5.0e-03 2 1.0 1 4.15e-04
0 5.0e-03 2 10.0 0 3.59e-05
0 5.0e-03 2 10.0 1 4.15e-04
0 5.0e-03 2 2.0 0 4.03e-05
0 5.0e-03 2 2.0 1 4.18e-04
0 5.0e-03 2 3.0 0 3.95e-05
0 5.0e-03 2 3.0 1 4.21e-04
0 5.0e-03 2 4.0 0 3.80e-05
0 5.0e-03 2 4.0 1 4.24e-04
0 5.0e-03 2 5.0 0 3.64e-05
0 5.0e-03 2 5.0 1 4.26e-04
0 5.0e-03 2 6.0 0 3.37e-05
0 5.0e-03 2 6.0 1 4.27e-04
0 5.0e-03 2 7.0 0 3.23e-05
0 5.0e-03 2 7.0 1 4.25e-04
0 5.0e-03 2 8.0 0 3.13e-05
0 5.0e-03 2 8.0 1 4.16e-04
0 5.0e-03 2 9.0 0 3.31e-05
0 5.0e-03 2 9.0 1 4.08e-04
0 5.0e-03 30 0.0 0 3.39e-05
0 5.0e-03 30 0.0 1 4.18e-04
0 5.0e-03 30 1.0 0 3.48e-05
0 5.0e-03 30 1.0 1 4.09e-04
0 5.0e-03 30 10.0 0 2.54e-05
0 5.0e-03 30 10.0 1 2.59e-04
0 5.0e-03 30 2.0 0 3.37e-05
0 5.0e-03 30 2.0 1 3.50e-04
0 5.0e-03 30 3.0 0 2.15e-05
0 5.0e-03 30 3.0 1 1.79e-04
0 5.0e-03 30 4.0 0 1.39e-06
0 5.0e-03 30 4.0 1 2.23e-06
0 5.0e-03 30 5.0 0 1.18e-05
0 5.0e-03 30 5.0 1 1.83e-04
0 5.0e-03 30 6.0 0 2.76e-05
0 5.0e-03 30 6.0 1 4.08e-04
0 5.0e-03 30 7.0 0 1.11e-06
0 5.0e-03 30 7.0 1 3.61e-05
0 5.0e-03 30 8.0 0 2.57e-05
0 5.0e-03 30 8.0 1 2.78e-04
0 5.0e-03 30 9.0 0 6.79e-06
0 5.0e-03 30 9.0 1 1.62e-04
0 5.0e-03 31 0.0 0 3.78e-05
0 5.0e-03 31 0.0 1 4.06e-04
0 5.0e-03 31 1.0 0 3.74e-05
0 5.0e-03 31 1.0 1 4.04e-04
0 5.0e-03 31 10.0 0 2.91e-05
0 5.0e-03 31 10.0 1 4.11e-04
0 5.0e-03 31 2.0 0 3.66e-05
0 5.0e-03 31 2.0 1 4.09e-04
0 5.0e-03 31 3.0 0 3.60e-05
0 5.0e-03 31 3.0 1 4.15e-04
0 5.0e-03 31 4.0 0 3.50e-05
0 5.0e-03 31 4.0 1 4.23e-04
0 5.0e-03 31 5.0 0 3.50e-05
0 5.0e-03 31 5.0 1 4.24e-04
0 5.0e-03 31 6.0 0 2.96e-05
0 5.0e-03 31 6.0 1 4.22e-04
0 5.0e-03 31 7.0 0 3.16e-05
0 5.0e-03 31 7.0 1 4.28e-04
0 5.0e-03 31 8.0 0 2.92e-05
0 5.0e-03 31 8.0 1 4.09e-04
0 5.0e-03 31 9.0 0 3.29e-05
0 5.0e-03 31 9.0 1 4.04e-04
0 5.0e-03 32 0.0 0 3.67e-05
0 5.0e-03 32 0.0 1 4.12e-04
0 5.0e-03 32 1.0 0 3.63e-05
0 5.0e-03 32 1.0 1 4.14e-04
0 5.0e-03 32 10.0 0 3.10e-05
0 5.0e-03 32 10.0 1 4.04e-04
0 5.0e-03 32 2.0 0 3.59e-05
0 5.0e-03 32 2.0 1 4.15e-04
0 5.0e-03 32 3.0 0 3.38e-05
0 5.0e-03 32 3.0 1 4.18e-04
0 5.0e-03 32 4.0 0 3.13e-05
0 5.0e-03 32 4.0 1 4.18e-04
0 5.0e-03 32 5.0 0 3.02e-05
0 5.0e-03 32 5.0 1 4.17e-04
0 5.0e-03 32 6.0 0 2.76e-05
0 5.0e-03 32 6.0 1 4.21e-04
0 5.0e-03 32 7.0 0 2.64e-05
0 5.0e-03 32 7.0 1 4.16e-04
0 5.0e-03 32 8.0 0 2.76e-05
0 5.0e-03 32 8.0 1 4.07e-04
0 5.0e-03 32 9.0 0 2.75e-05
0 5.0e-03 32 9.0 1 3.96e-04
0 5.0e-03 33 0.0 0 3.83e-05
0 5.0e-03 33 0.0 1 4.13e-04
0 5.0e-03 33 1.0 0 3.82e-05
0 5.0e-03 33 1.0 1 4.15e-04
0 5.0e-03 33 10.0 0 3.01e-05
0 5.0e-03 33 10.0 1 4.07e-04
0 5.0e-03 33 2.0 0 3.80e-05
0 5.0e-03 33 2.0 1 4.17e-04
0 5.0e-03 33 3.0 0 3.69e-05
0 5.0e-03 33 3.0 1 4.16e-04
0 5.0e-03 33 4.0 0 3.41e-05
0 5.0e-03 33 4.0 1 4.13e-04
0 5.0e-03 33 5.0 0 3.21e-05
0 5.0e-03 33 5.0 1 4.22e-04
0 5.0e-03 33 6.0 0 2.95e-05
0 5.0e-03 33 6.0 1 4.27e-04
0 5.0e-03 33 7.0 0 2.82e-05
0 5.0e-03 33 7.0 1 4.17e-04
0 5.0e-03 33 8.0 0 2.94e-05
0 5.0e-03 33 8.0 1 4.17e-04
0 5.0e-03 33 9.0 0 2.96e-05
0 5.0e-03 33 9.0 1 3.99e-04
0 5.0e-03 34 0.0 0 3.79e-05
0 5.0e-03 34 0.0 1 4.15e-04
0 5.0e-03 34 1.0 0 3.86e-05
0 5.0e-03 34 1.0 1 4.15e-04
0 5.0e-03 34 10.0 0 9.07e-06
0 5.0e-03 34 10.0 1 4.25e-04
0 5.0e-03 34 2.0 0 3.84e-05
0 5.0e-03 34 2.0 1 4.16e-04
0 5.0e-03 34 3.0 0 3.38e-05
0 5.0e-03 34 3.0 1 4.24e-04
0 5.0e-03 34 4.0 0 2.42e-05
0 5.0e-03 34 4.0 1 4.31e-04
0 5.0e-03 34 5.0 0 2.00e-05
0 5.0e-03 34 5.0 1 4.32e-04
0 5.0e-03 34 6.0 0 2.85e-05
0 5.0e-03 34 6.0 1 4.27e-04
0 5.0e-03 34 7.0 0 2.86e-05
0 5.0e-03 34 7.0 1 4.29e-04
0 5.0e-03 34 8.0 0 1.42e-05
0 5.0e-03 34 8.0 1 4.31e-04
0 5.0e-03 34 9.0 0 3.13e-05
0 5.0e-03 34 9.0 1 4.06e-04
0 5.0e-03 35 0.0 0 3.87e-05
0 5.0e-03 35 0.0 1 4.14e-04
0 5.0e-03 35 1.0 0 3.86e-05
0 5.0e-03 35 1.0 1 4.22e-04
0 5.0e-03 35 10.0 0 4.75e-06
0 5.0e-03 35 10.0 1 1.90e-05
0 5.0e-03 35 2.0 0 3.54e-05
0 5.0e-03 35 2.0 1 4.14e-04
0 5.0e-03 35 3.0 0 2.31e-05
0 5.0e-03 35 3.0 1 2.91e-04
0 5.0e-03 35 4.0 0 7.20e-06
0 5.0e-03 35 4.0 1 5.93e-05
0 5.0e-03 35 5.0 0 1.23e-05
0 5.0e-03 35 5.0 1 6.50e-05
0 5.0e-03 35 6.0 0 3.22e-05
0 5.0e-03 35 6.0 1 4.06e-04
0 5.0e-03 35 7.0 0 1.53e-05
0 5.0e-03 35 7.0 1 2.13e-04
0 5.0e-03 35 8.0 0 9.61e-06
0 5.0e-03 35 8.0 1 9.29e-05
0 5.0e-03 35 9.0 0 2.54e-05
0 5.0e-03 35 9.0 1 4.01e-04
0 5.0e-03 36 0.0 0 3.85e-05
0 5.0e-03 36 0.0 1 3.97e-04
0 5.0e-03 36 1.0 0 3.84e-05
0 5.0e-03 36 1.0 1 3.97e-04
0 5.0e-03 36 10.0 0 2.89e-05
0 5.0e-03 36 10.0 1 4.00e-04
0 5.0e-03 36 2.0 0 3.84e-05
0 5.0e-03 36 2.0 1 4.08e-04
0 5.0e-03 36 3.0 0 3.80e-05
0 5.0e-03 36 3.0 1 4.11e-04
0 5.0e-03 36 4.0 0 3.68e-05
0 5.0e-03 36 4.0 1 4.18e-04
0 5.0e-03 36 5.0 0 3.41e-05
0 5.0e-03 36 5.0 1 4.22e-04
0 5.0e-03 36 6.0 0 3.18e-05
0 5.0e-03 36 6.0 1 4.25e-04
0 5.0e-03 36 7.0 0 2.87e-05
0 5.0e-03 36 7.0 1 4.28e-04
0 5.0e-03 36 8.0 0 2.75e-05
0 5.0e-03 36 8.0 1 4.22e-04
0 5.0e-03 36 9.0 0 2.78e-05
0 5.0e-03 36 9.0 1 4.12e-04
0 5.0e-03 37 0.0 0 3.90e-05
0 5.0e-03 37 0.0 1 4.14e-04
0 5.0e-03 37 1.0 0 3.87e-05
0 5.0e-03 37 1.0 1 4.13e-04
0 5.0e-03 37 10.0 0 3.14e-05
0 5.0e-03 37 10.0 1 4.02e-04
0 5.0e-03 37 2.0 0 3.77e-05
0 5.0e-03 37 2.0 1 4.17e-04
0 5.0e-03 37 3.0 0 3.65e-05
0 5.0e-03 37 3.0 1 4.21e-04
0 5.0e-03 37 4.0 0 3.54e-05
0 5.0e-03 37 4.0 1 4.23e-04
0 5.0e-03 37 5.0 0 3.53e-05
0 5.0e-03 37 5.0 1 4.23e-04
0 5.0e-03 37 6.0 0 3.06e-05
0 5.0e-03 37 6.0 1 4.26e-04
0 5.0e-03 37 7.0 0 2.88e-05
0 5.0e-03 37 7.0 1 4.25e-04
0 5.0e-03 37 8.0 0 2.93e-05
0 5.0e-03 37 8.0 1 4.16e-04
0 5.0e-03 37 9.0 0 2.92e-05
0 5.0e-03 37 9.0 1 3.99e-04
0 5.0e-03 38 0.0 0 3.61e-05
0 5.0e-03 38 0.0 1 4.15e-04
0 5.0e-03 38 1.0 0 3.54e-05
0 5.0e-03 38 1.0 1 4.17e-04
0 5.0e-03 38 10.0 0 2.81e-05
0 5.0e-03 38 10.0 1 3.98e-04
0 5.0e-03 38 2.0 0 3.34e-05
0 5.0e-03 38 2.0 1 4.20e-04
0 5.0e-03 38 3.0 0 3.26e-05
0 5.0e-03 38 3.0 1 4.22e-04
0 5.0e-03 38 4.0 0 3.53e-05
0 5.0e-03 38 4.0 1 4.18e-04
0 5.0e-03 38 5.0 0 3.25e-05
0 5.0e-03 38 5.0 1 4.20e-04
0 5.0e-03 38 6.0 0 3.16e-05
0 5.0e-03 38 6.0 1 4.25e-04
0 5.0e-03 38 7.0 0 3.20e-05
0 5.0e-03 38 7.0 1 4.23e-04
0 5.0e-03 38 8.0 0 2.81e-05
0 5.0e-03 38 8.0 1 4.27e-04
0 5.0e-03 38 9.0 0 2.99e-05
0 5.0e-03 38 9.0 1 4.20e-04
0 5.0e-03 39 0.0 0 3.67e-05
0 5.0e-03 39 0.0 1 4.15e-04
0 5.0e-03 39 1.0 0 3.22e-05
0 5.0e-03 39 1.0 1 4.13e-04
0 5.0e-03 39 10.0 0 3.95e-05
0 5.0e-03 39 10.0 1 3.92e-04
0 5.0e-03 39 2.0 0 1.90e-05
0 5.0e-03 39 2.0 1 4.25e-04
0 5.0e-03 39 3.0 0 6.26e-06
0 5.0e-03 39 3.0 1 4.39e-04
0 5.0e-03 39 4.0 0 1.97e-05
0 5.0e-03 39 4.0 1 4.37e-04
0 5.0e-03 39 5.0 0 4.91e-05
0 5.0e-03 39 5.0 1 4.20e-04
0 5.0e-03 39 6.0 0 2.57e-05
0 5.0e-03 39 6.0 1 4.28e-04
0 5.0e-03 39 7.0 0 2.13e-05
0 5.0e-03 39 7.0 1 4.37e-04
0 5.0e-03 39 8.0 0 4.13e-05
0 5.0e-03 39 8.0 1 4.10e-04
0 5.0e-03 39 9.0 0 2.02e-05
0 5.0e-03 39 9.0 1 4.07e-04
0 5.0e-03 3 0.0 0 4.12e-05
0 5.0e-03 3 0.0 1 4.13e-04
0 5.0e-03 3 1.0 0 4.10e-05
0 5.0e-03 3 1.0 1 4.15e-04
0 5.0e-03 3 10.0 0 3.39e-05
0 5.0e-03 3 10.0 1 4.14e-04
0 5.0e-03 3 2.0 0 4.01e-05
0 5.0e-03 3 2.0 1 4.20e-04
0 5.0e-03 3 3.0 0 3.93e-05
0 5.0e-03 3 3.0 1 4.23e-04
0 5.0e-03 3 4.0 0 3.77e-05
0 5.0e-03 3 4.0 1 4.24e-04
0 5.0e-03 3 5.0 0 3.76e-05
0 5.0e-03 3 5.0 1 4.24e-04
0 5.0e-03 3 6.0 0 3.33e-05
0 5.0e-03 3 6.0 1 4.26e-04
0 5.0e-03 3 7.0 0 3.27e-05
0 5.0e-03 3 7.0 1 4.21e-04
0 5.0e-03 3 8.0 0 3.02e-05
0 5.0e-03 3 8.0 1 4.12e-04
0 5.0e-03 3 9.0 0 3.18e-05
0 5.0e-03 3 9.0 1 4.03e-04
0 5.0e-03 40 0.0 0 3.68e-05
0 5.0e-03 40 0.0 1 4.13e-04
0 5.0e-03 40 1.0 0 3.76e-05
0 5.0e-03 40 1.0 1 4.13e-04
0 5.0e-03 40 10.0 0 1.60e-05
0 5.0e-03 40 10.0 1 2.01e-04
0 5.0e-03 40 2.0 0 3.64e-05
0 5.0e-03 40 2.0 1 3.78e-04
0 5.0e-03 40 3.0 0 2.54e-05
0 5.0e-03 40 3.0 1 2.20e-04
0 5.0e-03 40 4.0 0 6.61e-06
0 5.0e-03 40 4.0 1 1.42e-05
0 5.0e-03 40 5.0 0 1.15e-05
0 5.0e-03 40 5.0 1 1.39e-04
0 5.0e-03 40 6.0 0 3.05e-05
0 5.0e-03 40 6.0 1 4.27e-04
0 5.0e-03 40 7.0 0 6.80e-06
0 5.0e-03 40 7.0 1 7.71e-05
0 5.0e-03 40 8.0 0 1.70e-05
0 5.0e-03 40 8.0 1 2.39e-04
0 5.0e-03 40 9.0 0 1.26e-05
0 5.0e-03 40 9.0 1 2.28e-04
0 5.0e-03 41 0.0 0 3.50e-05
0 5.0e-03 41 0.0 1 4.18e-04
0 5.0e-03 41 1.0 0 3.52e-05
0 5.0e-03 41 1.0 1 4.18e-04
0 5.0e-03 41 10.0 0 2.86e-05
0 5.0e-03 41 10.0 1 4.03e-04
0 5.0e-03 41 2.0 0 3.43e-05
0 5.0e-03 41 2.0 1 4.20e-04
0 5.0e-03 41 3.0 0 3.35e-05
0 5.0e-03 41 3.0 1 4.16e-04
0 5.0e-03 41 4.0 0 3.19e-05
0 5.0e-03 41 4.0 1 4.09e-04
0 5.0e-03 41 5.0 0 2.95e-05
0 5.0e-03 41 5.0 1 4.20e-04
0 5.0e-03 41 6.0 0 2.78e-05
0 5.0e-03 41 6.0 1 4.26e-04
0 5.0e-03 41 7.0 0 2.65e-05
0 5.0e-03 41 7.0 1 4.22e-04
0 5.0e-03 41 8.0 0 2.72e-05
0 5.0e-03 41 8.0 1 4.16e-04
0 5.0e-03 41 9.0 0 2.77e-05
0 5.0e-03 41 9.0 1 3.97e-04
0 5.0e-03 42 0.0 0 3.75e-05
0 5.0e-03 42 0.0 1 4.17e-04
0 5.0e-03 42 1.0 0 3.72e-05
0 5.0e-03 42 1.0 1 4.15e-04
0 5.0e-03 42 10.0 0 3.25e-05
0 5.0e-03 42 10.0 1 3.94e-04
0 5.0e-03 42 2.0 0 3.55e-05
0 5.0e-03 42 2.0 1 4.18e-04
0 5.0e-03 42 3.0 0 3.10e-05
0 5.0e-03 42 3.0 1 4.23e-04
0 5.0e-03 42 4.0 0 2.59e-05
0 5.0e-03 42 4.0 1 4.28e-04
0 5.0e-03 42 5.0 0 2.76e-05
0 5.0e-03 42 5.0 1 4.25e-04
0 5.0e-03 42 6.0 0 3.11e-05
0 5.0e-03 42 6.0 1 4.22e-04
0 5.0e-03 42 7.0 0 2.35e-05
0 5.0e-03 42 7.0 1 4.27e-04
0 5.0e-03 42 8.0 0 3.01e-05
0 5.0e-03 42 8.0 1 4.09e-04
0 5.0e-03 42 9.0 0 2.91e-05
0 5.0e-03 42 9.0 1 3.96e-04
0 5.0e-03 43 0.0 0 3.77e-05
0 5.0e-03 43 0.0 1 4.17e-04
0 5.0e-03 43 1.0 0 3.71e-05
0 5.0e-03 43 1.0 1 4.18e-04
0 5.0e-03 43 10.0 0 3.62e-05
0 5.0e-03 43 10.0 1 4.04e-04
0 5.0e-03 43 2.0 0 3.49e-05
0 5.0e-03 43 2.0 1 4.21e-04
0 5.0e-03 43 3.0 0 3.10e-05
0 5.0e-03 43 3.0 1 4.25e-04
0 5.0e-03 43 4.0 0 2.81e-05
0 5.0e-03 43 4.0 1 4.26e-04
0 5.0e-03 43 5.0 0 3.19e-05
0 5.0e-03 43 5.0 1 4.25e-04
0 5.0e-03 43 6.0 0 3.18e-05
0 5.0e-03 43 6.0 1 4.24e-04
0 5.0e-03 43 7.0 0 2.79e-05
0 5.0e-03 43 7.0 1 4.23e-04
0 5.0e-03 43 8.0 0 3.44e-05
0 5.0e-03 43 8.0 1 4.06e-04
0 5.0e-03 43 9.0 0 3.07e-05
0 5.0e-03 43 9.0 1 3.94e-04
0 5.0e-03 44 0.0 0 3.72e-05
0 5.0e-03 44 0.0 1 4.20e-04
0 5.0e-03 44 1.0 0 3.59e-05
0 5.0e-03 44 1.0 1 4.20e-04
0 5.0e-03 44 10.0 0 1.60e-05
0 5.0e-03 44 10.0 1 4.19e-04
0 5.0e-03 44 2.0 0 3.23e-05
0 5.0e-03 44 2.0 1 4.23e-04
0 5.0e-03 44 3.0 0 2.27e-05
0 5.0e-03 44 3.0 1 4.29e-04
0 5.0e-03 44 4.0 0 1.45e-05
0 5.0e-03 44 4.0 1 4.34e-04
0 5.0e-03 44 5.0 0 2.05e-05
0 5.0e-03 44 5.0 1 4.34e-04
0 5.0e-03 44 6.0 0 2.92e-05
0 5.0e-03 44 6.0 1 4.29e-04
0 5.0e-03 44 7.0 0 2.13e-05
0 5.0e-03 44 7.0 1 4.25e-04
0 5.0e-03 44 8.0 0 1.55e-05
0 5.0e-03 44 8.0 1 4.18e-04
0 5.0e-03 44 9.0 0 2.87e-05
0 5.0e-03 44 9.0 1 3.92e-04
0 5.0e-03 45 0.0 0 3.56e-05
0 5.0e-03 45 0.0 1 4.20e-04
0 5.0e-03 45 1.0 0 3.60e-05
0 5.0e-03 45 1.0 1 4.22e-04
0 5.0e-03 45 10.0 0 2.98e-05
0 5.0e-03 45 10.0 1 4.12e-04
0 5.0e-03 45 2.0 0 3.56e-05
0 5.0e-03 45 2.0 1 4.24e-04
0 5.0e-03 45 3.0 0 3.49e-05
0 5.0e-03 45 3.0 1 4.24e-04
0 5.0e-03 45 4.0 0 3.30e-05
0 5.0e-03 45 4.0 1 4.25e-04
0 5.0e-03 45 5.0 0 3.07e-05
0 5.0e-03 45 5.0 1 4.28e-04
0 5.0e-03 45 6.0 0 2.86e-05
0 5.0e-03 45 6.0 1 4.28e-04
0 5.0e-03 45 7.0 0 2.75e-05
0 5.0e-03 45 7.0 1 4.20e-04
0 5.0e-03 45 8.0 0 2.77e-05
0 5.0e-03 45 8.0 1 4.10e-04
0 5.0e-03 45 9.0 0 2.88e-05
0 5.0e-03 45 9.0 1 4.04e-04
0 5.0e-03 46 0.0 0 3.45e-05
0 5.0e-03 46 0.0 1 4.25e-04
0 5.0e-03 46 1.0 0 3.49e-05
0 5.0e-03 46 1.0 1 4.24e-04
0 5.0e-03 46 10.0 0 2.96e-05
0 5.0e-03 46 10.0 1 4.11e-04
0 5.0e-03 46 2.0 0 3.43e-05
0 5.0e-03 46 2.0 1 4.25e-04
0 5.0e-03 46 3.0 0 3.32e-05
0 5.0e-03 46 3.0 1 4.26e-04
0 5.0e-03 46 4.0 0 3.08e-05
0 5.0e-03 46 4.0 1 4.29e-04
0 5.0e-03 46 5.0 0 2.85e-05
0 5.0e-03 46 5.0 1 4.27e-04
0 5.0e-03 46 6.0 0 2.75e-05
0 5.0e-03 46 6.0 1 4.26e-04
0 5.0e-03 46 7.0 0 2.76e-05
0 5.0e-03 46 7.0 1 4.17e-04
0 5.0e-03 46 8.0 0 2.83e-05
0 5.0e-03 46 8.0 1 4.04e-04
0 5.0e-03 46 9.0 0 2.88e-05
0 5.0e-03 46 9.0 1 3.98e-04
0 5.0e-03 47 0.0 0 3.44e-05
0 5.0e-03 47 0.0 1 4.24e-04
0 5.0e-03 47 1.0 0 3.44e-05
0 5.0e-03 47 1.0 1 4.24e-04
0 5.0e-03 47 10.0 0 3.38e-05
0 5.0e-03 47 10.0 1 4.24e-04
0 5.0e-03 47 2.0 0 3.41e-05
0 5.0e-03 47 2.0 1 4.25e-04
0 5.0e-03 47 3.0 0 3.41e-05
0 5.0e-03 47 3.0 1 4.25e-04
0 5.0e-03 47 4.0 0 3.42e-05
0 5.0e-03 47 4.0 1 4.24e-04
0 5.0e-03 47 5.0 0 3.43e-05
0 5.0e-03 47 5.0 1 4.24e-04
0 5.0e-03 47 6.0 0 3.42e-05
0 5.0e-03 47 6.0 1 4.24e-04
0 5.0e-03 47 7.0 0 3.40e-05
0 5.0e-03 47 7.0 1 4.24e-04
0 5.0e-03 47 8.0 0 3.39e-05
0 5.0e-03 47 8.0 1 4.25e-04
0 5.0e-03 47 9.0 0 3.39e-05
0 5.0e-03 47 9.0 1 4.24e-04
0 5.0e-03 48 0.0 0 3.40e-05
0 5.0e-03 48 0.0 1 4.24e-04
0 5.0e-03 48 1.0 0 3.39e-05
0 5.0e-03 48 1.0 1 4.25e-04
0 5.0e-03 48 10.0 0 2.80e-05
0 5.0e-03 48 10.0 1 4.26e-04
0 5.0e-03 48 2.0 0 3.29e-05
0 5.0e-03 48 2.0 1 4.25e-04
0 5.0e-03 48 3.0 0 3.20e-05
0 5.0e-03 48 3.0 1 4.26e-04
0 5.0e-03 48 4.0 0 3.03e-05
0 5.0e-03 48 4.0 1 4.27e-04
0 5.0e-03 48 5.0 0 2.84e-05
0 5.0e-03 48 5.0 1 4.28e-04
0 5.0e-03 48 6.0 0 2.80e-05
0 5.0e-03 48 6.0 1 4.25e-04
0 5.0e-03 48 7.0 0 2.78e-05
0 5.0e-03 48 7.0 1 4.07e-04
0 5.0e-03 48 8.0 0 2.82e-05
0 5.0e-03 48 8.0 1 3.92e-04
0 5.0e-03 48 9.0 0 2.78e-05
0 5.0e-03 48 9.0 1 3.99e-04
0 5.0e-03 49 0.0 0 3.21e-05
0 5.0e-03 49 0.0 1 4.26e-04
0 5.0e-03 49 1.0 0 1.44e-05
0 5.0e-03 49 1.0 1 4.43e-04
0 5.0e-03 49 10.0 0 3.59e-04
0 5.0e-03 49 10.0 1 1.11e-04
0 5.0e-03 49 2.0 0 5.84e-06
0 5.0e-03 49 2.0 1 4.47e-04
0 5.0e-03 49 3.0 0 1.28e-04
0 5.0e-03 49 3.0 1 3.23e-04
0 5.0e-03 49 4.0 0 3.83e-04
0 5.0e-03 49 4.0 1 6.55e-05
0 5.0e-03 49 5.0 0 3.75e-04
0 5.0e-03 49 5.0 1 7.11e-05
0 5.0e-03 49 6.0 0 1.83e-05
0 5.0e-03 49 6.0 1 4.13e-04
0 5.0e-03 49 7.0 0 2.76e-04
0 5.0e-03 49 7.0 1 1.47e-04
0 5.0e-03 49 8.0 0 2.90e-04
0 5.0e-03 49 8.0 1 1.58e-04
0 5.0e-03 49 9.0 0 1.13e-04
0 5.0e-03 49 9.0 1 3.33e-04
0 5.0e-03 4 0.0 0 4.10e-05
0 5.0e-03 4 0.0 1 4.15e-04
0 5.0e-03 4 1.0 0 4.02e-05
0 5.0e-03 4 1.0 1 4.17e-04
0 5.0e-03 4 10.0 0 3.57e-05
0 5.0e-03 4 10.0 1 4.18e-04
0 5.0e-03 4 2.0 0 3.94e-05
0 5.0e-03 4 2.0 1 4.22e-04
0 5.0e-03 4 3.0 0 3.66e-05
0 5.0e-03 4 3.0 1 4.24e-04
0 5.0e-03 4 4.0 0 3.45e-05
0 5.0e-03 4 4.0 1 4.26e-04
0 5.0e-03 4 5.0 0 3.20e-05
0 5.0e-03 4 5.0 1 4.25e-04
0 5.0e-03 4 6.0 0 3.19e-05
0 5.0e-03 4 6.0 1 4.19e-04
0 5.0e-03 4 7.0 0 3.15e-05
0 5.0e-03 4 7.0 1 4.14e-04
0 5.0e-03 4 8.0 0 3.21e-05
0 5.0e-03 4 8.0 1 4.05e-04
0 5.0e-03 4 9.0 0 3.45e-05
0 5.0e-03 4 9.0 1 4.05e-04
0 5.0e-03 5 0.0 0 4.10e-05
0 5.0e-03 5 0.0 1 4.00e-04
0 5.0e-03 5 1.0 0 4.11e-05
0 5.0e-03 5 1.0 1 4.02e-04
0 5.0e-03 5 10.0 0 4.00e-06
0 5.0e-03 5 10.0 1 5.65e-05
0 5.0e-03 5 2.0 0 4.04e-05
0 5.0e-03 5 2.0 1 4.00e-04
0 5.0e-03 5 3.0 0 3.17e-05
0 5.0e-03 5 3.0 1 2.95e-04
0 5.0e-03 5 4.0 0 9.55e-06
0 5.0e-03 5 4.0 1 8.24e-05
0 5.0e-03 5 5.0 0 1.11e-05
0 5.0e-03 5 5.0 1 2.19e-05
0 5.0e-03 5 6.0 0 3.01e-05
0 5.0e-03 5 6.0 1 3.52e-04
0 5.0e-03 5 7.0 0 2.45e-05
0 5.0e-03 5 7.0 1 3.34e-04
0 5.0e-03 5 8.0 0 6.76e-06
0 5.0e-03 5 8.0 1 3.43e-06
0 5.0e-03 5 9.0 0 2.83e-05
0 5.0e-03 5 9.0 1 4.03e-04
0 5.0e-03 6 0.0 0 3.33e-05
0 5.0e-03 6 0.0 1 3.88e-04
0 5.0e-03 6 1.0 0 3.33e-05
0 5.0e-03 6 1.0 1 3.87e-04
0 5.0e-03 6 10.0 0 3.35e-05
0 5.0e-03 6 10.0 1 3.90e-04
0 5.0e-03 6 2.0 0 3.26e-05
0 5.0e-03 6 2.0 1 3.89e-04
0 5.0e-03 6 3.0 0 3.12e-05
0 5.0e-03 6 3.0 1 3.91e-04
0 5.0e-03 6 4.0 0 2.98e-05
0 5.0e-03 6 4.0 1 3.95e-04
0 5.0e-03 6 5.0 0 2.89e-05
0 5.0e-03 6 5.0 1 3.98e-04
0 5.0e-03 6 6.0 0 2.78e-05
0 5.0e-03 6 6.0 1 3.95e-04
0 5.0e-03 6 7.0 0 2.64e-05
0 5.0e-03 6 7.0 1 3.93e-04
0 5.0e-03 6 8.0 0 2.81e-05
0 5.0e-03 6 8.0 1 3.85e-04
0 5.0e-03 6 9.0 0 2.82e-05
0 5.0e-03 6 9.0 1 3.81e-04
0 5.0e-03 7 0.0 0 3.33e-05
0 5.0e-03 7 0.0 1 3.88e-04
0 5.0e-03 7 1.0 0 3.48e-05
0 5.0e-03 7 1.0 1 3.89e-04
0 5.0e-03 7 10.0 0 1.92e-05
0 5.0e-03 7 10.0 1 3.81e-04
0 5.0e-03 7 2.0 0 3.50e-05
0 5.0e-03 7 2.0 1 3.91e-04
0 5.0e-03 7 3.0 0 3.82e-05
0 5.0e-03 7 3.0 1 3.92e-04
0 5.0e-03 7 4.0 0 4.23e-05
0 5.0e-03 7 4.0 1 3.90e-04
0 5.0e-03 7 5.0 0 3.74e-05
0 5.0e-03 7 5.0 1 3.90e-04
0 5.0e-03 7 6.0 0 2.68e-05
0 5.0e-03 7 6.0 1 3.95e-04
0 5.0e-03 7 7.0 0 3.55e-05
0 5.0e-03 7 7.0 1 3.95e-04
0 5.0e-03 7 8.0 0 2.10e-05
0 5.0e-03 7 8.0 1 3.77e-04
0 5.0e-03 7 9.0 0 3.00e-05
0 5.0e-03 7 9.0 1 3.80e-04
0 5.0e-03 8 0.0 0 3.33e-05
0 5.0e-03 8 0.0 1 3.88e-04
0 5.0e-03 8 1.0 0 3.49e-05
0 5.0e-03 8 1.0 1 3.89e-04
0 5.0e-03 8 10.0 0 2.96e-05
0 5.0e-03 8 10.0 1 3.83e-04
0 5.0e-03 8 2.0 0 3.48e-05
0 5.0e-03 8 2.0 1 3.87e-04
0 5.0e-03 8 3.0 0 3.38e-05
0 5.0e-03 8 3.0 1 3.91e-04
0 5.0e-03 8 4.0 0 3.25e-05
0 5.0e-03 8 4.0 1 3.95e-04
0 5.0e-03 8 5.0 0 3.07e-05
0 5.0e-03 8 5.0 1 3.95e-04
0 5.0e-03 8 6.0 0 2.89e-05
0 5.0e-03 8 6.0 1 3.95e-04
0 5.0e-03 8 7.0 0 2.73e-05
0 5.0e-03 8 7.0 1 3.94e-04
0 5.0e-03 8 8.0 0 2.68e-05
0 5.0e-03 8 8.0 1 3.85e-04
0 5.0e-03 8 9.0 0 2.78e-05
0 5.0e-03 8 9.0 1 3.79e-04
0 5.0e-03 9 0.0 0 3.42e-05
0 5.0e-03 9 0.0 1 3.80e-04
0 5.0e-03 9 1.0 0 3.43e-05
0 5.0e-03 9 1.0 1 3.83e-04
0 5.0e-03 9 10.0 0 2.24e-05
0 5.0e-03 9 10.0 1 3.92e-04
0 5.0e-03 9 2.0 0 3.38e-05
0 5.0e-03 9 2.0 1 3.84e-04
0 5.0e-03 9 3.0 0 2.89e-05
0 5.0e-03 9 3.0 1 3.85e-04
0 5.0e-03 9 4.0 0 2.03e-05
0 5.0e-03 9 4.0 1 3.96e-04
0 5.0e-03 9 5.0 0 1.96e-05
0 5.0e-03 9 5.0 1 4.07e-04
0 5.0e-03 9 6.0 0 2.74e-05
0 5.0e-03 9 6.0 1 3.92e-04
0 5.0e-03 9 7.0 0 1.54e-05
0 5.0e-03 9 7.0 1 3.98e-04
0 5.0e-03 9 8.0 0 1.84e-05
0 5.0e-03 9 8.0 1 3.91e-04
0 5.0e-03 9 9.0 0 1.69e-05
0 5.0e-03 9 9.0 1 3.88e-04
