## input_port input_power input_mzi_number input_mzi_voltage output_port output_power
5 5.0e-03 10 0.0 4 4.31e-04
5 5.0e-03 10 0.0 5 9.60e-06
5 5.0e-03 10 1.0 4 4.40e-04
5 5.0e-03 10 1.0 5 4.78e-06
5 5.0e-03 10 1.4 4 4.43e-04
5 5.0e-03 10 1.4 5 2.86e-06
5 5.0e-03 10 10.0 4 2.56e-04
5 5.0e-03 10 10.0 5 4.54e-06
5 5.0e-03 10 2.0 4 4.27e-04
5 5.0e-03 10 2.0 5 4.81e-06
5 5.0e-03 10 3.0 4 2.95e-04
5 5.0e-03 10 3.0 5 4.65e-05
5 5.0e-03 10 4.0 4 8.72e-05
5 5.0e-03 10 4.0 5 1.16e-04
5 5.0e-03 10 4.2 4 7.02e-05
5 5.0e-03 10 4.2 5 1.20e-04
5 5.0e-03 10 4.3 4 6.76e-05
5 5.0e-03 10 4.3 5 1.18e-04
5 5.0e-03 10 5.0 4 1.69e-04
5 5.0e-03 10 5.0 5 7.18e-05
5 5.0e-03 10 6.0 4 4.11e-04
5 5.0e-03 10 6.0 5 1.66e-06
5 5.0e-03 10 7.0 4 1.09e-04
5 5.0e-03 10 7.0 5 9.48e-05
5 5.0e-03 10 8.0 4 2.53e-04
5 5.0e-03 10 8.0 5 9.34e-06
5 5.0e-03 10 9.0 4 1.85e-04
5 5.0e-03 10 9.0 5 1.02e-04
5 5.0e-03 14 0.0 4 4.32e-04
5 5.0e-03 14 0.0 5 8.96e-06
5 5.0e-03 14 1.0 4 4.25e-04
5 5.0e-03 14 1.0 5 4.82e-06
5 5.0e-03 14 10.0 4 2.13e-04
5 5.0e-03 14 10.0 5 2.20e-05
5 5.0e-03 14 2.0 4 3.75e-04
5 5.0e-03 14 2.0 5 3.28e-06
5 5.0e-03 14 3.0 4 2.12e-04
5 5.0e-03 14 3.0 5 3.41e-05
5 5.0e-03 14 4.0 4 5.22e-05
5 5.0e-03 14 4.0 5 9.15e-05
5 5.0e-03 14 4.2 4 4.79e-05
5 5.0e-03 14 4.2 5 9.72e-05
5 5.0e-03 14 5.0 4 1.92e-04
5 5.0e-03 14 5.0 5 7.02e-05
5 5.0e-03 14 5.9 4 4.10e-04
5 5.0e-03 14 5.9 5 1.04e-06
5 5.0e-03 14 6.0 4 4.04e-04
5 5.0e-03 14 6.0 5 2.22e-07
5 5.0e-03 14 7.0 4 9.16e-05
5 5.0e-03 14 7.0 5 8.91e-05
5 5.0e-03 14 8.0 4 2.53e-04
5 5.0e-03 14 8.0 5 2.30e-05
5 5.0e-03 14 9.0 4 2.04e-04
5 5.0e-03 14 9.0 5 8.81e-05
5 5.0e-03 18 0.0 4 4.30e-04
5 5.0e-03 18 0.0 5 9.47e-06
5 5.0e-03 18 1.0 4 4.37e-04
5 5.0e-03 18 1.0 5 3.98e-06
5 5.0e-03 18 10.0 4 2.27e-04
5 5.0e-03 18 10.0 5 9.82e-06
5 5.0e-03 18 2.0 4 4.23e-04
5 5.0e-03 18 2.0 5 2.46e-06
5 5.0e-03 18 3.0 4 2.96e-04
5 5.0e-03 18 3.0 5 4.88e-05
5 5.0e-03 18 4.0 4 1.06e-04
5 5.0e-03 18 4.0 5 1.32e-04
5 5.0e-03 18 4.4 4 7.91e-05
5 5.0e-03 18 4.4 5 1.41e-04
5 5.0e-03 18 5.0 4 1.84e-04
5 5.0e-03 18 5.0 5 8.43e-05
5 5.0e-03 18 6.0 4 4.16e-04
5 5.0e-03 18 6.0 5 4.40e-06
5 5.0e-03 18 7.0 5 1.33e-04
5 5.0e-03 18 8.0 4 2.32e-04
5 5.0e-03 18 8.0 5 1.23e-04
5 5.0e-03 18 9.0 4 1.87e-04
5 5.0e-03 18 9.0 5 1.29e-04
5 5.0e-03 27 0.0 4 4.31e-04
5 5.0e-03 27 0.0 5 9.61e-06
5 5.0e-03 27 1.0 4 4.52e-04
5 5.0e-03 27 1.0 5 4.42e-06
5 5.0e-03 27 10.0 4 1.78e-04
5 5.0e-03 27 10.0 5 2.49e-05
5 5.0e-03 27 2.0 4 4.79e-04
5 5.0e-03 27 2.0 5 1.38e-06
5 5.0e-03 27 3.0 4 3.83e-04
5 5.0e-03 27 3.0 5 3.49e-05
5 5.0e-03 27 4.0 4 1.23e-04
5 5.0e-03 27 4.0 5 1.01e-04
5 5.0e-03 27 4.6 4 4.75e-05
5 5.0e-03 27 4.6 5 1.05e-04
5 5.0e-03 27 5.0 4 1.07e-04
5 5.0e-03 27 5.0 5 7.47e-05
5 5.0e-03 27 6.0 4 4.25e-04
5 5.0e-03 27 6.0 5 2.57e-06
5 5.0e-03 27 7.0 4 1.51e-04
5 5.0e-03 27 7.0 5 1.19e-04
5 5.0e-03 27 8.0 4 1.93e-04
5 5.0e-03 27 8.0 5 1.60e-05
5 5.0e-03 27 9.0 4 2.29e-04
5 5.0e-03 27 9.0 5 1.37e-04
5 5.0e-03 6 0.0 4 4.33e-04
5 5.0e-03 6 0.0 5 9.41e-06
5 5.0e-03 6 1.0 4 4.34e-04
5 5.0e-03 6 1.0 5 5.27e-06
5 5.0e-03 6 10.0 4 5.43e-05
5 5.0e-03 6 10.0 5 8.66e-05
5 5.0e-03 6 2.0 4 3.99e-04
5 5.0e-03 6 2.0 5 2.02e-06
5 5.0e-03 6 3.0 4 2.63e-04
5 5.0e-03 6 3.0 5 2.43e-05
5 5.0e-03 6 4.0 4 7.74e-05
5 5.0e-03 6 4.0 5 8.18e-05
5 5.0e-03 6 4.4 4 4.98e-05
5 5.0e-03 6 4.4 5 9.78e-05
5 5.0e-03 6 5.0 4 1.18e-04
5 5.0e-03 6 5.0 5 9.06e-05
5 5.0e-03 6 6.0 4 3.83e-04
5 5.0e-03 6 6.0 5 8.10e-06
5 5.0e-03 6 7.0 4 1.96e-04
5 5.0e-03 6 7.0 5 5.57e-05
5 5.0e-03 6 8.0 4 1.12e-04
5 5.0e-03 6 8.0 5 7.11e-05
5 5.0e-03 6 9.0 4 3.63e-04
5 5.0e-03 6 9.0 5 1.74e-05
