## input_port input_power input_mzi_number input_mzi_voltage output_port output_power
9 5.0e-03 24 0.0 8 4.02e-04
9 5.0e-03 24 0.0 9 2.20e-05
9 5.0e-03 24 1.0 8 3.99e-04
9 5.0e-03 24 1.0 9 2.53e-05
9 5.0e-03 24 10.0 8 6.70e-05
9 5.0e-03 24 10.0 9 4.51e-06
9 5.0e-03 24 2.0 8 3.55e-04
9 5.0e-03 24 2.0 9 3.49e-05
9 5.0e-03 24 3.0 8 2.09e-04
9 5.0e-03 24 3.0 9 4.28e-05
9 5.0e-03 24 4.0 8 2.01e-05
9 5.0e-03 24 4.0 9 2.83e-05
9 5.0e-03 24 4.3 8 1.83e-06
9 5.0e-03 24 4.3 9 1.93e-05
9 5.0e-03 24 5.0 8 1.15e-04
9 5.0e-03 24 5.0 9 9.70e-07
9 5.0e-03 24 6.0 8 3.93e-04
9 5.0e-03 24 6.0 9 2.05e-05
9 5.0e-03 24 7.0 8 1.20e-04
9 5.0e-03 24 7.0 9 4.59e-05
9 5.0e-03 24 8.0 8 1.46e-04
9 5.0e-03 24 8.0 9 1.05e-06
9 5.0e-03 24 9.0 8 3.14e-04
9 5.0e-03 24 9.0 9 5.03e-05
9 5.0e-03 28 0.0 8 4.02e-04
9 5.0e-03 28 0.0 9 2.19e-05
9 5.0e-03 28 1.0 8 4.05e-04
9 5.0e-03 28 1.0 9 2.51e-05
9 5.0e-03 28 1.4 8 4.12e-04
9 5.0e-03 28 1.4 9 2.64e-05
9 5.0e-03 28 10.0 8 1.79e-04
9 5.0e-03 28 10.0 9 7.47e-07
9 5.0e-03 28 2.0 8 3.80e-04
9 5.0e-03 28 2.0 9 3.36e-05
9 5.0e-03 28 3.0 8 2.50e-04
9 5.0e-03 28 3.0 9 3.98e-05
9 5.0e-03 28 4.0 8 2.95e-05
9 5.0e-03 28 4.0 9 2.37e-05
9 5.0e-03 28 4.3 8 4.80e-07
9 5.0e-03 28 4.3 9 2.15e-05
9 5.0e-03 28 5.0 8 1.19e-04
9 5.0e-03 28 5.0 9 4.02e-06
9 5.0e-03 28 6.0 8 4.00e-04
9 5.0e-03 28 6.0 9 2.60e-05
9 5.0e-03 28 7.0 8 7.77e-05
9 5.0e-03 28 7.0 9 6.13e-05
9 5.0e-03 28 8.0 8 2.11e-04
9 5.0e-03 28 8.0 9 6.76e-07
9 5.0e-03 28 9.0 8 2.04e-04
9 5.0e-03 28 9.0 9 2.04e-04
9 5.0e-03 32 0.0 8 3.99e-04
9 5.0e-03 32 0.0 9 2.16e-05
9 5.0e-03 32 1.0 8 3.95e-04
9 5.0e-03 32 1.0 9 2.50e-05
9 5.0e-03 32 10.0 8 9.87e-05
9 5.0e-03 32 10.0 9 4.03e-07
9 5.0e-03 32 2.0 8 3.49e-04
9 5.0e-03 32 2.0 9 3.51e-05
9 5.0e-03 32 3.0 8 1.97e-04
9 5.0e-03 32 3.0 9 4.43e-05
9 5.0e-03 32 4.0 8 1.01e-05
9 5.0e-03 32 4.0 9 2.95e-05
9 5.0e-03 32 4.2 8 6.34e-07
9 5.0e-03 32 4.2 9 2.30e-05
9 5.0e-03 32 5.0 8 1.30e-04
9 5.0e-03 32 5.0 9 8.58e-07
9 5.0e-03 32 6.0 8 3.91e-04
9 5.0e-03 32 6.0 9 2.25e-05
9 5.0e-03 32 7.0 8 8.83e-05
9 5.0e-03 32 7.0 9 4.47e-05
9 5.0e-03 32 8.0 8 1.68e-04
9 5.0e-03 32 8.0 9 3.19e-08
9 5.0e-03 32 9.0 8 2.84e-04
9 5.0e-03 32 9.0 9 4.66e-05
9 5.0e-03 36 0.0 8 3.99e-04
9 5.0e-03 36 0.0 9 2.15e-05
9 5.0e-03 36 1.0 8 2.68e-05
9 5.0e-03 36 1.0 9 2.67e-05
9 5.0e-03 36 1.5 8 4.15e-04
9 5.0e-03 36 1.5 9 3.32e-05
9 5.0e-03 36 10.0 8 1.56e-04
9 5.0e-03 36 10.0 9 5.53e-07
9 5.0e-03 36 2.0 8 4.02e-04
9 5.0e-03 36 2.0 9 4.23e-05
9 5.0e-03 36 3.0 8 2.74e-04
9 5.0e-03 36 3.0 9 5.84e-05
9 5.0e-03 36 4.0 8 3.91e-05
9 5.0e-03 36 4.0 9 4.41e-05
9 5.0e-03 36 4.4 8 8.80e-07
9 5.0e-03 36 4.4 9 2.77e-05
9 5.0e-03 36 5.0 8 9.08e-05
9 5.0e-03 36 5.0 9 3.50e-06
9 5.0e-03 36 6.0 8 4.02e-04
9 5.0e-03 36 6.0 9 2.89e-05
9 5.0e-03 36 7.0 8 1.03e-04
9 5.0e-03 36 7.0 9 5.69e-05
9 5.0e-03 36 8.0 8 1.93e-04
9 5.0e-03 36 8.0 9 7.23e-07
9 5.0e-03 36 9.0 8 2.63e-04
9 5.0e-03 36 9.0 9 5.91e-05
9 5.0e-03 45 0.0 8 3.98e-04
9 5.0e-03 45 0.0 9 2.14e-05
9 5.0e-03 45 1.0 8 4.10e-04
9 5.0e-03 45 1.0 9 1.10e-05
9 5.0e-03 45 1.4 8 4.13e-04
9 5.0e-03 45 1.4 9 7.71e-06
9 5.0e-03 45 10.0 8 1.99e-04
9 5.0e-03 45 10.0 9 2.04e-04
9 5.0e-03 45 2.0 8 4.03e-04
9 5.0e-03 45 2.0 9 1.85e-05
9 5.0e-03 45 3.0 8 2.70e-04
9 5.0e-03 45 3.0 9 1.39e-04
9 5.0e-03 45 4.0 8 4.50e-05
9 5.0e-03 45 4.0 9 3.53e-04
9 5.0e-03 45 4.4 8 1.04e-05
9 5.0e-03 45 4.4 9 3.85e-04
9 5.0e-03 45 5.0 8 2.86e-04
9 5.0e-03 45 5.0 9 2.87e-04
9 5.0e-03 45 6.0 8 4.08e-04
9 5.0e-03 45 6.0 9 7.82e-06
9 5.0e-03 45 7.0 8 8.86e-05
9 5.0e-03 45 7.0 9 3.03e-04
9 5.0e-03 45 8.0 8 2.31e-04
9 5.0e-03 45 8.0 9 1.72e-04
9 5.0e-03 45 9.0 8 2.35e-04
9 5.0e-03 45 9.0 9 1.72e-04
9 5.0e-03 8 0.0 8 4.02e-04
9 5.0e-03 8 0.0 9 2.22e-05
9 5.0e-03 8 1.0 8 4.10e-04
9 5.0e-03 8 1.0 9 2.64e-05
9 5.0e-03 8 1.4 8 4.13e-04
9 5.0e-03 8 1.4 9 3.01e-05
9 5.0e-03 8 10.0 8 1.70e-05
9 5.0e-03 8 10.0 9 1.14e-05
9 5.0e-03 8 2.0 8 4.02e-04
9 5.0e-03 8 2.0 9 3.84e-05
9 5.0e-03 8 3.0 8 2.89e-04
9 5.0e-03 8 3.0 9 5.05e-05
9 5.0e-03 8 4.0 8 6.25e-05
9 5.0e-03 8 4.0 9 4.03e-05
9 5.0e-03 8 4.5 8 4.17e-07
9 5.0e-03 8 4.5 9 2.16e-05
9 5.0e-03 8 5.0 8 5.93e-05
9 5.0e-03 8 5.0 9 3.96e-06
9 5.0e-03 8 6.0 8 3.72e-04
9 5.0e-03 8 6.0 9 1.68e-05
9 5.0e-03 8 7.0 8 2.07e-04
9 5.0e-03 8 7.0 9 4.86e-05
9 5.0e-03 8 8.0 8 7.28e-05
9 5.0e-03 8 8.0 9 2.98e-06
9 5.0e-03 8 9.0 8 3.78e-04
9 5.0e-03 8 9.0 9 4.30e-05
