## input_port input_power input_mzi_number input_mzi_voltage output_port output_power
3 5.0e-03 13 0.0 6 2.36e-05
3 5.0e-03 13 0.0 7 1.50e-04
3 5.0e-03 13 1.0 6 2.16e-05
3 5.0e-03 13 1.0 7 1.47e-04
3 5.0e-03 13 10.0 6 4.54e-06
3 5.0e-03 13 10.0 7 8.02e-05
3 5.0e-03 13 2.0 6 1.89e-05
3 5.0e-03 13 2.0 7 1.23e-04
3 5.0e-03 13 3.0 6 1.90e-05
3 5.0e-03 13 3.0 7 6.65e-05
3 5.0e-03 13 4.0 6 2.76e-05
3 5.0e-03 13 4.0 7 2.48e-06
3 5.0e-03 13 5.0 6 3.24e-05
3 5.0e-03 13 5.0 7 7.40e-05
3 5.0e-03 13 5.9 6 1.34e-05
3 5.0e-03 13 5.9 7 1.51e-04
3 5.0e-03 13 6.0 6 1.40e-05
3 5.0e-03 13 6.0 7 1.52e-04
3 5.0e-03 13 7.0 6 2.53e-05
3 5.0e-03 13 7.0 7 1.08e-05
3 5.0e-03 13 8.0 6 1.10e-05
3 5.0e-03 13 8.0 7 1.01e-04
3 5.0e-03 13 9.0 6 1.88e-05
3 5.0e-03 13 9.0 7 6.36e-05
3 5.0e-03 22 0.0 6 2.70e-05
3 5.0e-03 22 0.0 7 1.58e-04
3 5.0e-03 22 1.0 6 2.72e-05
3 5.0e-03 22 1.0 7 1.57e-04
3 5.0e-03 22 10.0 6 6.71e-06
3 5.0e-03 22 10.0 7 9.31e-05
3 5.0e-03 22 2.0 6 2.44e-05
3 5.0e-03 22 2.0 7 1.37e-04
3 5.0e-03 22 3.0 6 1.56e-05
3 5.0e-03 22 3.0 7 7.09e-05
3 5.0e-03 22 4.0 6 1.67e-05
3 5.0e-03 22 4.0 7 1.95e-06
3 5.0e-03 22 4.2 6 1.14e-05
3 5.0e-03 22 4.2 7 2.25e-07
3 5.0e-03 22 5.0 6 1.24e-05
3 5.0e-03 22 5.0 7 5.99e-05
3 5.0e-03 22 5.9 6 1.50e-05
3 5.0e-03 22 5.9 7 1.55e-04
3 5.0e-03 22 6.0 6 1.70e-05
3 5.0e-03 22 6.0 7 1.50e-04
3 5.0e-03 22 7.0 6 9.91e-06
3 5.0e-03 22 7.0 7 1.46e-05
3 5.0e-03 22 8.0 6 1.42e-05
3 5.0e-03 22 8.0 7 1.08e-04
3 5.0e-03 22 9.0 6 2.99e-06
3 5.0e-03 22 9.0 7 6.35e-05
3 5.0e-03 26 0.0 6 2.49e-05
3 5.0e-03 26 0.0 7 1.52e-04
3 5.0e-03 26 1.0 6 2.44e-05
3 5.0e-03 26 1.0 7 1.68e-04
3 5.0e-03 26 10.0 6 7.08e-06
3 5.0e-03 26 10.0 7 3.55e-06
3 5.0e-03 26 2.0 6 2.33e-05
3 5.0e-03 26 2.0 7 1.99e-04
3 5.0e-03 26 3.0 6 2.07e-05
3 5.0e-03 26 3.0 7 1.94e-04
3 5.0e-03 26 4.0 6 1.85e-05
3 5.0e-03 26 4.0 7 9.48e-05
3 5.0e-03 26 5.0 6 1.83e-05
3 5.0e-03 26 5.0 7 3.37e-08
3 5.0e-03 26 6.0 6 1.48e-05
3 5.0e-03 26 6.0 7 1.40e-04
3 5.0e-03 26 7.0 6 1.32e-05
3 5.0e-03 26 7.0 7 1.70e-04
3 5.0e-03 26 8.0 6 1.22e-05
3 5.0e-03 26 8.0 7 2.59e-06
3 5.0e-03 26 9.0 6 1.01e-05
3 5.0e-03 26 9.0 7 2.08e-04
3 5.0e-03 26 9.1 6 1.12e-05
3 5.0e-03 26 9.1 7 2.11e-04
3 5.0e-03 30 0.0 6 2.58e-05
3 5.0e-03 30 0.0 7 1.55e-04
3 5.0e-03 30 1.0 6 2.62e-05
3 5.0e-03 30 1.0 7 1.52e-04
3 5.0e-03 30 10.0 6 7.71e-06
3 5.0e-03 30 10.0 7 8.62e-05
3 5.0e-03 30 2.0 6 2.55e-05
3 5.0e-03 30 2.0 7 1.28e-04
3 5.0e-03 30 3.0 6 2.15e-05
3 5.0e-03 30 3.0 7 6.63e-05
3 5.0e-03 30 4.0 6 1.38e-05
3 5.0e-03 30 4.0 7 1.60e-06
3 5.0e-03 30 4.1 6 1.18e-05
3 5.0e-03 30 4.1 7 1.59e-07
3 5.0e-03 30 5.0 6 1.31e-05
3 5.0e-03 30 5.0 7 6.70e-05
3 5.0e-03 30 5.9 6 1.84e-05
3 5.0e-03 30 5.9 7 1.53e-04
3 5.0e-03 30 6.0 6 1.87e-05
3 5.0e-03 30 6.0 7 1.51e-04
3 5.0e-03 30 7.0 6 8.07e-06
3 5.0e-03 30 7.0 7 1.64e-05
3 5.0e-03 30 8.0 6 1.26e-05
3 5.0e-03 30 8.0 7 1.06e-04
3 5.0e-03 30 9.0 6 5.91e-06
3 5.0e-03 30 9.0 7 6.72e-05
3 5.0e-03 34 0.0 6 2.34e-05
3 5.0e-03 34 0.0 7 1.49e-04
3 5.0e-03 34 1.0 6 2.34e-05
3 5.0e-03 34 1.0 7 1.66e-04
3 5.0e-03 34 10.0 6 6.78e-06
3 5.0e-03 34 10.0 7 6.90e-06
3 5.0e-03 34 2.0 6 2.19e-05
3 5.0e-03 34 2.0 7 2.03e-04
3 5.0e-03 34 2.6 6 1.50e-05
3 5.0e-03 34 2.6 7 2.17e-04
3 5.0e-03 34 3.0 6 1.67e-05
3 5.0e-03 34 3.0 7 2.08e-04
3 5.0e-03 34 4.0 6 9.93e-06
3 5.0e-03 34 4.0 7 1.11e-04
3 5.0e-03 34 5.0 6 1.52e-05
3 5.0e-03 34 5.0 7 3.55e-07
3 5.0e-03 34 6.0 6 1.79e-05
3 5.0e-03 34 6.0 7 1.31e-04
3 5.0e-03 34 7.0 6 1.05e-05
3 5.0e-03 34 7.0 7 1.85e-04
3 5.0e-03 34 8.0 6 1.61e-05
3 5.0e-03 34 8.0 7 6.69e-07
3 5.0e-03 34 9.0 6 1.20e-05
3 5.0e-03 34 9.0 7 2.07e-04
3 5.0e-03 37 0.0 6 2.33e-05
3 5.0e-03 37 0.0 7 1.50e-04
3 5.0e-03 37 1.0 6 2.36e-05
3 5.0e-03 37 1.0 7 1.49e-04
3 5.0e-03 37 10.0 6 8.04e-06
3 5.0e-03 37 10.0 7 1.51e-04
3 5.0e-03 37 2.0 6 2.41e-05
3 5.0e-03 37 2.0 7 1.44e-04
3 5.0e-03 37 3.0 6 2.40e-05
3 5.0e-03 37 3.0 7 1.33e-04
3 5.0e-03 37 3.8 6 1.85e-05
3 5.0e-03 37 3.8 7 1.29e-04
3 5.0e-03 37 4.0 6 1.94e-05
3 5.0e-03 37 4.0 7 1.29e-04
3 5.0e-03 37 5.0 6 1.67e-05
3 5.0e-03 37 5.0 7 1.44e-04
3 5.0e-03 37 5.7 6 1.64e-05
3 5.0e-03 37 5.7 7 1.57e-04
3 5.0e-03 37 6.0 6 1.67e-05
3 5.0e-03 37 6.0 7 1.49e-04
3 5.0e-03 37 7.0 6 1.41e-05
3 5.0e-03 37 7.0 7 1.33e-04
3 5.0e-03 37 8.0 6 1.27e-05
3 5.0e-03 37 8.0 7 1.43e-05
3 5.0e-03 37 9.0 6 1.08e-05
3 5.0e-03 37 9.0 7 1.30e-04
3 5.0e-03 38 0.0 6 2.41e-05
3 5.0e-03 38 0.0 7 1.51e-04
3 5.0e-03 38 1.0 6 2.42e-05
3 5.0e-03 38 1.0 7 1.65e-04
3 5.0e-03 38 10.0 6 7.50e-06
3 5.0e-03 38 10.0 7 1.23e-05
3 5.0e-03 38 2.0 6 2.39e-05
3 5.0e-03 38 2.0 7 1.91e-04
3 5.0e-03 38 2.5 6 2.38e-05
3 5.0e-03 38 2.5 7 1.95e-04
3 5.0e-03 38 3.0 6 2.35e-05
3 5.0e-03 38 3.0 7 1.81e-04
3 5.0e-03 38 4.0 6 2.33e-05
3 5.0e-03 38 4.0 7 7.94e-05
3 5.0e-03 38 4.9 6 1.62e-05
3 5.0e-03 38 4.9 7 3.42e-08
3 5.0e-03 38 5.0 6 1.78e-05
3 5.0e-03 38 5.0 7 2.03e-06
3 5.0e-03 38 6.0 6 1.82e-05
3 5.0e-03 38 6.0 7 1.61e-04
3 5.0e-03 38 7.0 6 1.89e-05
3 5.0e-03 38 7.0 7 1.30e-04
3 5.0e-03 38 8.0 6 7.64e-06
3 5.0e-03 38 8.0 7 2.58e-05
3 5.0e-03 38 8.9 6 1.24e-05
3 5.0e-03 38 8.9 7 2.01e-04
3 5.0e-03 38 9.0 6 1.25e-05
3 5.0e-03 38 9.0 7 1.92e-04
3 5.0e-03 3 0.0 6 2.54e-05
3 5.0e-03 3 0.0 7 1.49e-04
3 5.0e-03 3 1.0 6 4.17e-05
3 5.0e-03 3 1.0 7 1.41e-04
3 5.0e-03 3 10.0 6 2.12e-04
3 5.0e-03 3 10.0 7 7.05e-05
3 5.0e-03 3 2.0 6 1.08e-04
3 5.0e-03 3 2.0 7 1.07e-04
3 5.0e-03 3 3.0 6 2.36e-04
3 5.0e-03 3 3.0 7 4.12e-05
3 5.0e-03 3 3.9 6 3.07e-04
3 5.0e-03 3 3.9 7 8.41e-08
3 5.0e-03 3 4.0 6 3.05e-04
3 5.0e-03 3 4.0 7 1.15e-06
3 5.0e-03 3 5.0 6 1.53e-04
3 5.0e-03 3 5.0 7 9.22e-05
3 5.0e-03 3 5.9 6 3.43e-06
3 5.0e-03 3 5.9 7 1.62e-04
3 5.0e-03 3 6.0 6 1.14e-05
3 5.0e-03 3 6.0 7 1.57e-04
3 5.0e-03 3 7.0 6 2.73e-04
3 5.0e-03 3 7.0 7 1.26e-05
3 5.0e-03 3 8.0 6 1.19e-04
3 5.0e-03 3 8.0 7 1.05e-04
3 5.0e-03 3 9.0 6 1.26e-04
3 5.0e-03 3 9.0 7 8.06e-05
3 5.0e-03 42 0.0 6 2.36e-05
3 5.0e-03 42 0.0 7 1.51e-04
3 5.0e-03 42 1.0 6 2.35e-05
3 5.0e-03 42 1.0 7 1.42e-04
3 5.0e-03 42 10.0 6 1.05e-05
3 5.0e-03 42 10.0 7 5.51e-07
3 5.0e-03 42 2.0 6 2.33e-05
3 5.0e-03 42 2.0 7 1.11e-04
3 5.0e-03 42 3.0 6 2.15e-05
3 5.0e-03 42 3.0 7 4.56e-05
3 5.0e-03 42 4.0 6 1.83e-05
3 5.0e-03 42 4.0 7 8.51e-08
3 5.0e-03 42 5.0 6 1.48e-05
3 5.0e-03 42 5.0 7 7.18e-05
3 5.0e-03 42 6.0 6 1.81e-05
3 5.0e-03 42 6.0 7 1.63e-04
3 5.0e-03 42 6.1 6 1.66e-05
3 5.0e-03 42 6.1 7 1.63e-04
3 5.0e-03 42 7.0 6 1.31e-05
3 5.0e-03 42 7.0 7 5.53e-05
3 5.0e-03 42 8.0 6 9.39e-06
3 5.0e-03 42 8.0 7 4.01e-05
3 5.0e-03 42 9.0 6 1.23e-05
3 5.0e-03 42 9.0 7 1.55e-04
3 5.0e-03 46 0.0 6 2.46e-05
3 5.0e-03 46 0.0 7 1.51e-04
3 5.0e-03 46 1.0 6 1.80e-05
3 5.0e-03 46 1.0 7 1.55e-04
3 5.0e-03 46 10.0 6 1.96e-04
3 5.0e-03 46 10.0 7 4.27e-06
3 5.0e-03 46 2.0 6 1.37e-05
3 5.0e-03 46 2.0 7 1.58e-04
3 5.0e-03 46 3.0 6 5.66e-05
3 5.0e-03 46 3.0 7 1.24e-04
3 5.0e-03 46 4.0 6 1.61e-04
3 5.0e-03 46 4.0 7 3.79e-05
3 5.0e-03 46 4.6 6 1.97e-04
3 5.0e-03 46 4.6 7 8.30e-06
3 5.0e-03 46 5.0 6 1.81e-04
3 5.0e-03 46 5.0 7 2.03e-05
3 5.0e-03 46 6.0 6 3.51e-05
3 5.0e-03 46 6.0 7 1.37e-04
3 5.0e-03 46 6.4 6 1.28e-05
3 5.0e-03 46 6.4 7 1.54e-04
3 5.0e-03 46 7.0 6 8.83e-05
3 5.0e-03 46 7.0 7 8.82e-05
3 5.0e-03 46 8.0 6 1.71e-04
3 5.0e-03 46 8.0 7 2.48e-05
3 5.0e-03 46 9.0 6 1.18e-05
3 5.0e-03 46 9.0 7 1.53e-04
3 5.0e-03 8 0.0 6 2.28e-05
3 5.0e-03 8 0.0 7 1.52e-04
3 5.0e-03 8 1.0 6 2.17e-05
3 5.0e-03 8 1.0 7 1.53e-04
3 5.0e-03 8 10.0 6 9.53e-06
3 5.0e-03 8 10.0 7 1.53e-06
3 5.0e-03 8 2.0 6 2.02e-05
3 5.0e-03 8 2.0 7 1.52e-04
3 5.0e-03 8 3.0 6 1.46e-05
3 5.0e-03 8 3.0 7 1.12e-04
3 5.0e-03 8 4.0 6 6.56e-06
3 5.0e-03 8 4.0 7 2.82e-05
3 5.0e-03 8 4.6 6 1.16e-05
3 5.0e-03 8 4.6 7 1.45e-07
3 5.0e-03 8 5.0 6 1.66e-05
3 5.0e-03 8 5.0 7 1.67e-05
3 5.0e-03 8 6.0 6 1.92e-05
3 5.0e-03 8 6.0 7 1.40e-04
3 5.0e-03 8 6.3 6 1.50e-05
3 5.0e-03 8 6.3 7 1.62e-04
3 5.0e-03 8 7.0 6 7.52e-06
3 5.0e-03 8 7.0 7 9.47e-05
3 5.0e-03 8 8.0 6 1.51e-05
3 5.0e-03 8 8.0 7 1.98e-05
3 5.0e-03 8 9.0 6 8.30e-06
3 5.0e-03 8 9.0 7 1.50e-04
